1003 131
1 2
1 44
1 55
1 66
1 77
1 88
1 99
1 121
1 3
1 39
1 43
1 46
1 47
1 48
1 49
1 50
1 52
1 56
1 57
1 62
1 72
1 73
1 78
1 79
1 82
1 86
1 92
1 93
1 95
1 96
1 101
1 104
1 105
1 107
1 109
1 115
1 126
1 129
2 44
2 55
2 66
2 77
2 88
2 99
2 121
2 3
2 39
2 46
2 47
2 48
2 49
2 50
2 52
2 56
2 57
2 72
2 73
2 74
2 78
2 79
2 82
2 85
2 86
2 92
2 93
2 95
2 96
2 97
2 98
2 101
2 104
2 107
2 109
2 111
2 115
2 124
2 125
2 129
2 6
2 7
2 26
44 55
44 66
44 77
44 88
44 99
44 110
44 121
3 44
39 44
42 44
43 44
44 46
44 47
44 49
44 50
44 52
44 53
44 56
44 57
44 62
44 67
44 68
44 69
44 72
44 73
44 75
44 78
44 79
44 81
44 83
44 84
44 85
44 86
44 89
44 90
44 92
44 93
44 94
44 95
44 96
44 97
44 98
44 100
44 101
44 104
44 107
44 109
44 111
44 115
44 125
44 126
44 128
44 129
44 130
6 44
10 44
18 44
22 44
26 44
55 66
55 77
55 88
55 99
55 121
3 55
36 55
39 55
42 55
46 55
47 55
48 55
49 55
50 55
52 55
53 55
54 55
55 56
55 57
55 58
55 60
55 61
55 62
55 64
55 65
55 67
55 68
55 72
55 73
55 74
55 75
55 76
55 78
55 79
55 80
55 81
55 83
55 84
55 85
55 86
55 87
55 89
55 90
55 91
55 92
55 93
55 94
55 95
55 96
55 97
55 98
55 100
55 101
55 102
55 103
55 104
55 105
55 107
55 109
55 112
55 113
55 115
55 126
55 128
55 129
9 55
11 55
12 55
16 55
26 55
66 77
66 88
66 99
66 121
3 66
39 66
42 66
43 66
48 66
49 66
50 66
52 66
53 66
54 66
56 66
57 66
62 66
64 66
66 67
66 68
66 69
66 72
66 75
66 76
66 78
66 79
66 81
66 86
66 90
66 91
66 95
66 96
66 98
66 101
66 105
66 107
66 109
66 115
66 126
66 127
66 130
10 66
77 88
77 99
77 121
3 77
14 77
25 77
36 77
38 77
39 77
40 77
41 77
42 77
43 77
45 77
46 77
49 77
50 77
52 77
53 77
54 77
56 77
57 77
62 77
64 77
67 77
68 77
69 77
72 77
73 77
76 77
77 78
77 79
77 80
77 81
77 86
77 90
77 91
77 94
77 96
77 97
77 98
77 101
77 102
77 103
77 109
77 114
77 118
77 126
77 130
8 77
10 77
88 99
88 110
88 121
3 88
39 88
42 88
43 88
46 88
47 88
48 88
49 88
50 88
52 88
53 88
54 88
56 88
57 88
62 88
64 88
65 88
67 88
68 88
69 88
72 88
73 88
76 88
78 88
79 88
80 88
81 88
85 88
86 88
88 90
88 93
88 94
88 95
88 96
88 97
88 98
88 101
88 104
88 109
88 113
88 114
88 115
88 118
88 129
88 130
24 88
26 88
37 88
99 110
99 121
3 99
39 99
42 99
43 99
46 99
47 99
48 99
49 99
50 99
52 99
53 99
56 99
57 99
62 99
67 99
68 99
69 99
72 99
73 99
74 99
75 99
76 99
78 99
79 99
81 99
82 99
85 99
86 99
90 99
92 99
93 99
94 99
95 99
96 99
97 99
98 99
99 101
99 104
99 105
99 106
99 107
99 109
99 111
99 114
99 115
99 118
99 119
99 125
99 126
99 128
99 129
99 130
99 131
6 99
10 99
11 99
18 99
26 99
37 99
110 121
50 110
57 110
62 110
69 110
78 110
79 110
94 110
3 121
49 121
50 121
54 121
57 121
62 121
63 121
65 121
67 121
68 121
69 121
70 121
78 121
79 121
84 121
86 121
92 121
94 121
95 121
101 121
104 121
113 121
115 121
120 121
121 122
121 123
24 121
27 121
28 121
29 121
30 121
31 121
32 121
33 121
34 121
35 121
3 39
3 43
3 46
3 49
3 50
3 53
3 54
3 56
3 57
3 62
3 64
3 67
3 68
3 69
3 79
3 86
3 90
3 92
3 95
3 98
3 101
3 107
3 109
3 113
3 126
3 127
3 130
3 24
3 26
36 56
36 72
39 42
39 46
39 48
39 49
39 50
39 52
39 56
39 68
39 72
39 73
39 78
39 79
39 81
39 86
39 92
39 97
39 98
39 100
39 101
39 104
39 105
39 107
39 109
39 115
39 129
41 42
42 50
42 56
42 79
42 86
42 115
43 50
43 68
43 90
43 130
10 43
46 47
46 50
46 52
46 72
46 78
46 79
46 82
46 86
46 92
46 93
46 96
46 101
46 105
46 107
46 109
46 124
46 125
7 46
18 46
47 50
47 72
47 79
47 81
47 109
47 111
47 124
47 125
47 129
48 49
48 50
48 51
48 52
48 109
48 115
5 48
49 50
49 52
49 56
49 58
49 59
49 75
49 78
49 79
49 81
49 86
49 87
49 92
49 95
49 96
49 104
49 105
49 107
49 109
49 112
49 113
49 114
49 115
49 116
49 117
49 118
12 49
17 49
50 51
50 52
50 53
50 54
50 56
50 57
50 59
50 62
50 65
50 67
50 68
50 72
50 73
50 74
50 75
50 78
50 79
50 81
50 82
50 83
50 84
50 85
50 86
50 89
50 90
50 92
50 93
50 94
50 95
50 96
50 97
50 98
50 100
50 101
50 103
50 104
50 105
50 106
50 107
50 108
50 109
50 111
50 113
50 114
50 115
50 118
50 119
50 125
50 126
50 128
50 129
50 130
50 131
4 50
5 50
6 50
11 50
13 50
15 50
18 50
19 50
51 52
51 59
51 81
52 56
52 57
52 59
52 72
52 76
52 78
52 79
52 80
52 81
52 82
52 86
52 94
52 98
52 100
52 101
52 104
52 106
52 107
52 108
52 111
52 114
52 115
52 118
52 128
52 131
5 52
22 52
37 52
53 54
53 56
53 57
53 68
53 79
53 81
53 86
53 90
53 97
53 101
54 57
54 62
54 63
54 65
54 67
54 69
54 70
54 78
54 81
54 86
54 95
54 123
56 57
56 78
56 79
56 81
56 86
56 90
56 91
56 96
56 98
56 100
56 101
56 104
56 107
56 109
56 126
57 62
57 67
57 68
57 69
57 78
57 79
57 86
57 90
57 96
57 101
57 107
57 126
58 78
58 86
58 112
58 115
59 82
59 105
59 106
59 107
59 115
60 61
60 100
61 72
62 63
62 64
62 65
62 67
62 68
62 69
62 70
62 71
62 72
62 78
62 79
62 84
62 86
62 90
62 94
62 95
62 96
62 98
62 101
62 113
62 123
24 62
63 65
63 69
63 70
63 95
63 123
64 67
64 68
64 79
64 98
10 64
65 67
65 68
65 69
65 71
65 79
65 84
65 94
67 69
67 70
67 79
67 84
67 86
68 69
68 78
68 79
68 94
68 98
68 101
69 70
69 79
69 86
69 93
69 95
69 123
33 69
70 123
29 70
31 70
72 73
72 74
72 75
72 76
72 78
72 79
72 80
72 81
72 83
72 87
72 89
72 90
72 98
72 100
72 108
72 109
72 115
9 72
20 72
21 72
23 72
73 83
73 89
73 101
75 79
75 81
75 87
75 89
75 100
76 80
76 85
76 89
76 90
76 96
76 101
76 118
78 79
78 81
78 83
78 84
78 86
78 89
78 92
78 93
78 95
78 96
78 101
78 104
78 107
78 109
78 111
78 113
78 115
78 129
6 78
26 78
79 81
79 85
79 86
79 90
79 92
79 93
79 94
79 95
79 96
79 97
79 98
79 101
79 104
79 105
79 107
79 109
79 111
79 115
79 119
79 128
79 129
18 79
26 79
80 86
80 118
81 83
81 86
81 100
81 101
81 104
81 115
81 118
82 92
82 93
82 105
82 106
82 107
82 109
82 115
82 129
83 125
85 86
85 96
86 90
86 93
86 94
86 95
86 96
86 97
86 98
86 101
86 104
86 107
86 115
86 118
12 86
26 86
37 86
87 89
89 100
90 97
90 98
90 126
10 90
92 95
92 96
92 104
92 105
92 107
92 109
92 129
93 115
93 129
94 98
94 115
37 94
95 104
95 112
95 113
95 122
95 123
24 95
28 95
29 95
32 95
33 95
96 98
96 101
96 104
96 105
96 115
26 96
98 101
98 127
100 115
101 104
101 109
101 115
22 101
104 105
104 106
104 107
104 116
104 118
12 104
105 107
105 109
106 115
106 131
107 109
107 128
108 109
109 111
109 124
109 125
109 129
7 111
12 112
24 113
114 115
114 118
115 116
115 118
115 129
115 131
16 115
26 115
37 115
12 118
120 122
28 120
29 120
30 120
31 120
33 120
35 122
124 129
22 126
27 28
27 31
28 30
28 32
29 30
29 31
29 33
31 33
