4552 3279
1 426
1 469
1 1288
1 1351
1 1599
1 1840
1 2184
1 2185
1 2513
1 2514
1 3115
2 623
2 2341
2 2674
3 2154
4 54
4 2888
4 2889
6 65
9 3145
8 10
10 2893
11 1069
11 1101
11 1474
11 2871
13 103
13 950
13 974
14 572
14 1131
14 1133
14 3036
15 1483
15 2691
15 2807
16 3164
17 1999
18 344
18 490
19 1088
20 647
20 1487
20 1870
21 1415
22 1856
23 2757
24 1935
24 2988
25 1455
26 183
26 288
26 419
26 1903
26 3095
28 416
29 289
29 2167
30 2560
31 2462
32 3253
33 1421
36 340
36 1360
37 2788
39 2778
39 2782
43 204
43 227
43 601
44 909
45 592
46 1277
46 1278
46 1763
46 2454
47 3096
48 631
48 749
48 897
48 1765
48 2620
48 3171
52 1305
52 3082
53 2092
53 2851
53 2852
54 1820
54 1821
55 1283
56 1270
57 69
57 793
57 1848
58 84
59 261
59 3173
60 977
62 2430
63 223
63 412
63 1032
63 1448
63 1740
63 1858
63 2130
64 504
66 157
66 159
66 793
66 1848
67 2901
68 795
68 2508
68 2650
68 2822
69 1848
70 2166
72 305
72 2324
72 2504
72 3166
72 3246
73 2137
73 2138
74 667
75 1173
75 1939
75 1940
75 2692
75 2711
75 2712
75 2771
75 2827
76 716
76 764
76 1406
76 1439
76 2500
76 2539
76 2871
77 282
77 1141
77 1685
77 1740
77 1848
77 2151
78 1477
78 2628
42 79
80 1352
80 2018
82 399
82 620
83 1591
83 2040
83 2497
85 618
85 3105
87 255
87 1946
89 1283
90 2738
90 2739
90 2740
91 864
92 2778
94 396
95 383
96 683
96 862
96 2734
97 620
98 591
99 170
99 3122
101 572
101 2871
102 1985
102 3190
103 950
103 974
104 265
29 108
109 2469
110 272
111 2933
112 1847
112 2163
113 499
113 1034
113 1130
113 1467
113 1502
113 1894
113 2120
113 2892
114 580
115 1013
115 1454
115 2680
116 1052
116 2228
117 540
117 1312
117 1334
117 2174
117 3085
117 3110
118 2689
120 549
120 1946
121 1164
122 2267
124 304
124 1211
124 2079
124 2170
124 2866
126 1818
126 1819
127 261
128 1313
129 188
130 599
131 441
133 407
133 2738
133 2739
133 2740
134 3248
135 572
135 613
136 1247
138 495
138 830
138 1385
138 1878
138 1991
138 3092
139 1089
139 2461
139 2952
140 1534
140 2810
143 2365
144 572
145 2059
147 240
147 257
147 443
147 445
147 623
147 1996
147 3213
50 148
152 483
152 581
152 697
152 1784
152 2202
152 2800
152 2988
152 3210
153 156
151 2356
151 2543
151 2609
151 2743
68 155
155 697
155 936
155 1000
155 1280
155 1454
155 1809
155 1907
155 2039
155 2042
155 2341
155 2438
155 2508
155 2840
155 3018
156 400
157 159
158 1421
159 456
159 1638
162 1878
162 2115
162 2175
162 2176
162 2213
162 2691
163 538
163 595
163 1787
163 2050
163 2312
163 2661
164 1523
165 455
165 462
165 1612
166 323
166 2706
167 1454
168 897
169 391
169 2573
172 464
172 1005
172 1131
172 1133
172 2588
172 2677
172 3036
173 700
173 1227
173 1621
173 1802
173 2213
173 2650
173 2651
174 355
174 578
174 885
175 3226
177 1262
179 572
181 393
181 1576
182 223
182 412
182 1032
182 1666
184 2463
186 2838
187 651
187 704
187 816
187 1057
187 1424
187 2004
187 2650
188 2886
190 1701
192 805
192 1842
194 3279
195 593
195 603
195 693
195 1344
195 1535
195 1973
195 1977
196 1281
198 551
199 1355
199 1792
204 1604
204 2003
205 2155
206 258
206 1135
206 1670
206 2355
206 2431
206 3153
206 3156
206 3268
206 3270
207 1835
207 2732
209 3274
211 1993
211 2778
212 3060
213 2342
213 2415
218 2072
219 2422
220 871
220 1678
221 293
221 884
222 690
222 741
222 1695
223 477
223 1032
223 1096
224 805
224 1842
228 344
228 490
230 649
231 2268
231 2276
231 2279
123 232
71 233
238 779
238 2499
240 445
243 1015
244 447
244 2962
244 2964
244 3061
247 1209
247 1210
247 1409
247 1503
247 1536
247 1603
247 1892
252 2504
252 3166
253 635
253 1052
254 2724
254 2920
259 2901
260 496
260 622
260 1654
260 1656
260 2299
261 3173
261 3174
262 2314
262 3208
263 282
263 618
263 630
263 1448
263 1666
263 1740
263 1858
263 2130
263 2772
264 700
264 1033
264 2213
266 1978
267 1419
267 1841
268 1836
268 3084
270 2439
271 470
271 1223
271 2175
271 2475
275 3081
276 2570
61 278
279 611
279 716
279 764
279 2500
283 1622
284 2674
284 2752
286 2488
287 1396
288 3095
289 390
289 774
289 837
289 1793
291 615
291 1785
257 296
296 443
296 692
297 1084
298 2063
299 1298
300 2741
301 1294
304 1209
304 1210
304 1603
305 2240
305 3262
306 2413
308 357
309 726
309 3070
321 2600
323 601
325 2771
325 3060
329 1758
312 330
332 1668
332 2341
333 2425
210 334
222 334
292 337
337 980
339 2459
339 2709
24 341
187 341
341 437
341 795
341 930
341 1483
341 1484
341 2004
341 2650
341 2822
343 2156
344 490
347 1031
347 1492
347 1874
347 2241
350 572
350 644
350 738
350 1362
350 1363
350 1367
350 1805
350 3097
352 760
352 2737
358 2791
358 2792
359 2373
360 2265
361 1227
361 1964
361 2213
362 852
362 890
362 1717
256 363
298 363
364 505
125 365
365 900
365 922
365 1484
365 1485
365 1840
365 1978
365 2468
365 2564
365 3255
368 3179
371 625
372 507
372 1187
372 1578
373 1892
374 784
375 615
375 624
375 696
375 2508
375 2820
375 2821
375 3000
376 632
376 717
377 958
377 3019
378 1728
378 1730
380 1155
381 608
381 1384
384 1272
384 2952
391 2573
392 2202
392 2990
394 1237
398 2985
399 1377
399 1473
399 2798
399 3044
399 3065
402 2801
410 411
412 477
412 1032
412 1096
413 963
415 930
415 940
415 993
415 3272
415 3273
416 2522
417 2948
417 3090
418 2935
418 3237
183 419
288 419
419 3095
422 2453
425 464
426 2300
426 3025
426 3110
427 2163
431 2347
431 2348
432 2538
433 1243
433 3186
436 912
438 604
438 2306
439 543
439 545
439 554
439 571
440 2693
442 1778
443 692
443 700
448 782
448 1319
137 450
345 452
454 1298
454 1299
454 3119
457 2046
460 1481
460 3079
465 1839
466 1107
467 1621
472 1291
473 1864
473 2158
474 2405
431 479
479 2359
480 1793
480 2131
482 879
483 1118
483 2741
483 3212
484 1162
485 494
489 496
489 622
489 1654
489 1656
489 2299
486 491
495 2064
500 2586
501 1968
502 544
502 1143
502 3114
503 1952
508 1999
510 675
512 3193
517 2773
518 572
520 1057
520 1729
520 2120
520 2121
156 521
400 521
475 521
521 998
522 2556
524 1464
524 2251
524 2920
525 1959
525 1960
525 1961
525 2741
525 3047
527 2836
528 1256
530 679
239 532
532 2973
532 2974
532 2976
534 2294
536 1962
537 830
537 833
537 1878
537 2309
538 1862
544 704
544 1324
546 1498
546 1499
458 550
550 1383
550 2267
550 3045
572 2481
572 2871
573 3249
583 1383
572 584
584 3097
573 586
586 593
586 1458
586 3249
587 1361
589 597
590 2896
593 2926
600 853
605 1110
605 607
607 1110
615 1802
616 2280
620 1995
620 2423
620 2918
622 2299
631 3171
634 2719
641 2070
647 711
652 3110
655 3104
658 2029
663 1045
663 1563
666 884
666 1175
666 1828
666 1986
669 1335
262 672
399 672
672 2666
454 676
676 1300
676 1599
679 712
681 2918
528 682
686 2862
687 2508
687 2766
688 1527
689 1722
695 818
695 825
695 831
156 699
697 699
699 912
699 1000
699 1409
699 1784
699 1802
699 2042
699 2508
699 2618
699 2800
80 705
705 713
705 1453
705 1909
705 2685
257 708
445 708
606 708
708 1364
708 1709
708 1841
708 2098
708 2193
708 2213
708 2273
708 3106
708 3243
708 3244
709 1771
720 822
685 724
728 1929
732 892
736 2384
736 2710
737 2653
748 1298
748 1299
748 3119
749 876
750 837
11 751
180 751
751 2006
758 2048
758 3082
762 1157
765 1575
769 1192
780 2012
780 2013
780 2753
785 2901
785 2902
790 2301
291 792
600 792
608 792
792 1280
792 1384
792 2004
792 2306
792 2341
792 3061
792 3259
796 1673
796 3093
24 798
798 1290
802 1612
813 2159
593 820
603 820
693 820
820 1344
820 1535
820 1973
820 1977
828 854
536 843
843 1962
846 2296
846 3278
857 882
891 1051
891 1332
891 2484
900 1715
900 2143
900 2564
901 1206
180 902
125 903
519 903
903 1061
903 1172
903 1369
903 1370
903 1371
903 1782
903 2174
903 2467
903 2468
903 2563
903 2676
904 2300
904 2603
905 2907
304 906
451 906
731 906
906 1580
906 1581
906 1786
906 2079
906 2866
291 907
375 907
615 907
907 1000
907 2174
907 2341
907 2922
907 2923
907 3017
908 923
908 2742
729 910
910 2893
910 3112
913 2504
580 914
915 1190
916 1772
916 2120
345 917
493 918
918 1158
918 1457
919 2778
123 920
921 2184
437 922
900 922
922 956
922 1057
922 1603
922 2649
922 2863
923 2742
924 1398
924 1399
24 925
925 2026
183 926
288 926
356 926
750 926
926 2344
147 927
257 927
443 927
445 927
606 927
623 927
927 1502
927 1964
927 2213
927 3120
927 3213
927 3244
304 928
451 928
928 1488
928 1756
928 1826
928 1827
928 2079
928 2649
928 2866
928 2908
928 2909
651 930
704 930
816 930
930 1057
930 1424
930 2004
930 2650
319 933
774 933
933 1215
933 2305
933 2395
933 2396
934 1108
934 1199
934 2961
935 2978
936 1809
936 2766
938 1612
939 2017
470 941
941 1223
941 2175
941 2475
586 944
944 1355
944 1839
944 2753
945 1987
947 2092
947 2699
951 2009
951 2918
903 952
952 1061
954 1382
954 2341
405 956
633 956
883 956
956 1210
956 1426
956 2213
956 2880
931 957
957 1058
957 1060
957 1246
40 959
159 961
961 3172
962 2548
172 964
360 964
118 965
119 965
420 965
965 1044
965 2007
965 2769
965 2900
965 3210
967 1727
968 2049
968 2890
969 2242
969 2448
539 970
663 971
971 2148
971 2186
975 2961
154 976
976 1189
976 1359
976 1655
13 979
103 979
974 979
979 1625
386 981
655 981
981 3014
982 2341
630 983
642 983
867 983
897 983
983 2514
296 984
445 984
615 984
623 984
624 984
633 984
658 984
788 984
984 1076
984 1132
984 1210
984 1426
984 1486
984 1503
984 1538
984 1580
984 1603
984 1863
984 1986
984 2030
984 2143
984 2170
984 2193
984 2234
984 2387
984 2730
984 3008
984 3009
826 985
892 986
986 2494
661 987
779 987
987 1317
987 1318
987 2053
987 2499
988 1856
251 989
664 989
989 1783
989 1784
989 2714
991 2573
818 992
825 992
831 992
992 1520
992 1671
992 1900
992 1999
992 2341
992 2478
992 2840
124 994
304 994
994 2079
994 3269
937 995
990 995
995 1147
995 1555
995 2089
995 2090
105 996
153 998
400 998
997 1384
997 1411
997 3254
999 2774
999 2775
519 1000
540 1000
558 1000
1000 1584
1000 1715
1000 2410
1000 2564
1000 2570
338 1002
1003 1870
1004 2450
1004 3279
347 1005
1005 1834
1005 1875
1006 1611
182 1007
1007 1666
1008 2963
12 1009
1011 1496
1014 1254
800 1015
572 1016
1017 2398
1017 3036
1021 1355
1022 2735
516 1024
1025 1998
174 1026
302 1026
227 1027
214 1028
1029 2427
865 1033
1033 1409
1033 2387
1033 2576
1033 2932
700 1034
1034 2682
1035 1144
1036 1999
1037 1149
165 1038
802 1038
804 1038
938 1038
949 1038
955 1038
960 1038
979 1038
1038 1613
1038 1799
1038 1988
1038 2019
1038 2020
1038 2021
1038 2024
1038 2025
1038 2311
1038 2621
1038 2681
1038 2995
1038 3160
424 1039
1040 1988
818 1041
825 1041
831 1041
1042 2060
1043 3002
701 1047
1049 2778
1049 2782
535 1050
1050 1848
635 1052
511 1053
582 1053
754 1054
35 1058
931 1058
1058 1060
1058 1246
444 1059
1061 1062
1061 1063
1062 1063
326 1064
557 1064
560 1064
606 1064
711 1064
1064 1115
1064 3224
1065 1068
1066 1068
1067 1068
1070 1072
1073 1974
860 1074
1074 1276
1074 1075
247 1077
1077 1536
1077 1892
277 1078
781 1079
555 1080
1081 2618
226 1082
1082 1398
1082 1542
1082 2140
1082 2644
511 1083
1083 2110
1083 2663
354 1085
715 1086
1086 1468
1086 2367
1086 2771
1087 3278
847 1089
1089 2461
1090 1091
1090 2255
1095 1716
1097 3103
463 1099
551 1099
1099 1597
1099 1598
1099 1599
1100 3157
1102 1103
40 1104
1105 2128
605 1109
1109 1110
1108 1110
1110 1199
1110 1870
1110 1934
1110 2961
1112 1962
183 1113
288 1113
419 1113
476 1113
1113 2105
1113 2630
1113 3094
50 1115
564 1116
295 1117
1120 2394
1120 2395
444 1121
1121 1892
1123 2296
1124 1125
1124 2837
1122 1125
782 1126
877 1126
999 1128
1128 2774
852 1129
890 1129
1131 1133
971 1134
1134 2148
610 1136
617 1136
304 1137
451 1137
1137 1488
1137 1756
1137 1826
1137 1827
1137 2079
1137 2649
1137 2866
1137 2908
1137 2909
217 1138
1140 1876
1140 2407
1140 2600
1140 2810
1143 3114
1145 1446
1145 1447
126 1146
1146 1819
1146 2424
1147 2778
1131 1148
1133 1148
1149 2871
849 1150
1150 2708
1151 1201
943 1152
972 1152
1152 1153
1152 1154
1154 1647
1156 1157
1159 3103
498 1160
717 1161
1163 1164
1165 1733
1166 2478
1167 1660
1168 2247
1168 2780
1169 1171
1169 1172
1174 2924
1176 2294
1178 2999
1179 2977
1180 2830
541 1181
558 1181
568 1181
1181 1622
558 1182
1182 1489
1183 2372
215 1184
118 1186
273 1186
318 1186
515 1186
965 1186
1186 1197
1186 2098
1186 2183
1186 2769
587 1187
1187 1778
1187 1981
1187 2831
663 1193
1193 1984
1193 3202
626 1194
1194 1204
1194 1195
1195 1777
1196 1624
434 1197
1197 2098
420 1198
1198 1803
1198 1804
1198 1964
1199 1602
752 1200
1202 1449
1203 2927
1205 1206
1205 1207
1205 1208
652 1207
1207 1362
222 1208
626 1208
1194 1208
1195 1208
1204 1208
1207 1208
1208 1213
1208 1214
1208 1777
1208 2732
1209 1210
1212 1214
1212 1469
1212 1213
1213 1214
1215 1216
1216 2506
1217 1218
1220 1221
1222 3174
1223 2175
247 1225
437 1225
658 1225
829 1225
845 1225
865 1225
868 1225
896 1225
1033 1225
1209 1225
1225 1226
1225 1291
1225 1486
1225 1503
1225 1536
1225 1538
1225 1540
1225 1603
1225 1606
1225 1641
1225 1649
1225 1732
1225 2143
1225 2213
1225 2217
1225 2230
1225 2386
1225 2387
1225 2497
1225 2576
1225 2931
1225 2932
1225 2971
754 1226
5 1228
871 1228
1231 1533
1231 1534
1231 2630
1173 1232
1232 1939
1232 1940
1232 2692
1232 2711
1232 2712
1232 2771
1232 2827
1233 3238
1234 2053
62 1236
276 1236
798 1236
1236 2847
1236 2915
1237 1238
394 1238
555 1239
874 1239
1240 2878
1241 1619
767 1242
1241 1242
1242 1570
1242 1571
1244 2618
1244 2989
1245 1848
1245 2901
304 1248
451 1248
731 1248
1248 1580
1248 1581
1248 2079
1248 2866
1248 3269
1107 1249
405 1250
815 1250
865 1250
900 1250
1250 1251
1250 1424
1250 1426
1250 2409
1250 2410
405 1251
1251 1424
1251 1426
1252 2571
1253 1602
1253 1984
1254 2617
433 1257
1243 1257
1257 1737
1257 3085
1258 2652
1131 1259
1133 1259
1260 1392
177 1261
1261 1262
1261 1808
1261 2845
326 1264
1264 3166
248 1265
1263 1265
1265 1901
1267 1770
796 1268
1268 3093
898 1269
1273 1274
1274 1275
1278 2454
1284 1286
262 1285
370 1285
500 1288
1288 1909
1288 1910
1288 2172
1288 2259
1272 1289
1290 2031
1292 1295
1292 1297
301 1293
1293 1294
1292 1294
1294 1295
1294 1296
1295 1296
1296 1297
1298 3119
1299 1300
1299 1599
1300 1599
1301 1302
749 1303
1303 1304
749 1304
838 1304
749 1305
1305 1402
1305 2047
1305 2048
1306 2044
863 1307
1307 1823
1307 2149
734 1308
1127 1308
1308 1495
1308 1823
1308 1839
1308 2008
1308 3058
1308 3185
34 1310
49 1310
93 1310
113 1310
147 1310
247 1310
257 1310
264 1310
353 1310
361 1310
405 1310
423 1310
437 1310
445 1310
594 1310
609 1310
623 1310
624 1310
628 1310
629 1310
658 1310
692 1310
700 1310
704 1310
747 1310
778 1310
794 1310
801 1310
821 1310
826 1310
829 1310
845 1310
859 1310
868 1310
875 1310
896 1310
1034 1310
1076 1310
1077 1310
1132 1310
1209 1310
1210 1310
1224 1310
1291 1310
1310 1311
1310 1350
1310 1424
1310 1426
1310 1444
1310 1467
1310 1472
1310 1486
1310 1503
1310 1536
1310 1538
1310 1540
1310 1584
1310 1590
1310 1603
1310 1606
1310 1641
1310 1649
1310 1732
1310 1760
1310 1802
1310 1806
1310 1892
1310 1931
1310 1964
1310 2099
1310 2120
1310 2121
1310 2143
1310 2163
1310 2193
1310 2213
1310 2214
1310 2216
1310 2217
1310 2223
1310 2230
1310 2234
1310 2257
1310 2322
1310 2375
1310 2387
1310 2479
1310 2480
1310 2567
1310 2570
1310 2576
1310 2598
1310 2832
1310 2880
1310 2892
1310 2925
1310 2931
1310 3013
1310 3244
723 1311
1291 1311
1312 1878
1312 2946
1315 1862
1316 1318
779 1317
1317 1318
1317 2300
1317 2499
779 1318
1318 2499
782 1319
27 1320
1320 2061
1321 2620
1322 1323
1325 2414
552 1326
1328 1330
1328 1333
1328 1329
1329 1330
1329 1333
1331 1333
1329 1332
1331 1332
1332 1333
1333 3158
1334 2533
1336 2598
144 1338
179 1338
180 1338
387 1338
572 1338
902 1338
1069 1338
1337 1338
1338 2871
1339 1603
727 1340
1341 1342
481 1343
677 1343
839 1343
1073 1343
1343 1344
1343 1796
1343 1974
1343 3187
382 1345
715 1347
881 1348
824 1349
1349 2066
264 1350
564 1353
576 1353
586 1353
593 1353
744 1353
1204 1353
1353 1355
1353 1458
1353 1575
1353 2826
1353 3250
1354 1458
1354 2586
573 1355
593 1355
1355 1458
1355 3249
944 1356
1220 1356
826 1357
1188 1358
1359 2662
644 1362
738 1363
147 1364
240 1364
257 1364
443 1364
445 1364
623 1364
731 1364
1364 1502
1364 1841
1364 1996
1364 2273
1364 2524
1364 3213
350 1365
1366 3110
605 1368
607 1368
644 1368
1108 1368
1109 1368
1110 1368
1111 1368
1368 1745
1369 1371
1370 1371
1372 1932
1374 1375
1377 3158
1378 2143
408 1379
954 1379
1040 1379
1041 1379
1042 1379
1379 1380
1379 1897
1379 1957
1379 1995
1379 2341
1041 1380
1042 1380
1380 2314
1381 2341
1385 2064
852 1386
854 1386
890 1386
1387 2778
386 1388
655 1388
856 1388
869 1388
1388 3014
1389 1390
713 1391
1391 2685
1393 1395
1394 1395
1396 1397
511 1397
766 1397
1398 1399
1398 2950
1399 2950
559 1400
287 1401
1402 1589
1406 3114
817 1407
834 1407
1408 1409
1408 1603
1408 2257
865 1409
247 1410
264 1410
405 1410
658 1410
778 1410
845 1410
868 1410
896 1410
1033 1410
1121 1410
1209 1410
1225 1410
1226 1410
1291 1410
1350 1410
1409 1410
1410 1424
1410 1426
1410 1536
1410 1538
1410 1540
1410 1603
1410 1606
1410 1649
1410 1892
1410 2120
1410 2121
1410 2163
1410 2213
1410 2223
1410 2388
1410 2429
1410 2576
1410 2795
1410 2971
49 1412
572 1413
755 1413
1259 1413
1413 1438
1413 1454
1413 1767
1413 2003
1413 2038
1413 2240
1413 2481
1413 2832
1413 3262
397 1414
1414 2317
399 1415
620 1415
1415 1608
1415 2666
1415 2913
1416 1808
1417 2098
445 1418
1419 1841
1420 1442
1179 1422
1422 2186
1422 2376
1422 2946
248 1423
405 1424
621 1425
1259 1425
1425 1679
1425 1767
1425 2003
1425 2285
1425 2307
405 1426
731 1426
1424 1426
1427 1429
1429 3256
403 1431
779 1431
878 1431
994 1431
1431 1671
1431 2375
1431 2499
1431 2568
1431 2986
1431 3167
1432 1511
1433 2586
51 1434
440 1435
1435 2837
716 1436
755 1436
764 1436
1436 1437
755 1437
1437 1438
1437 1439
716 1439
764 1439
1440 1874
1440 2241
1443 1444
1444 1445
1444 1766
1444 2241
1444 2880
1450 1451
1451 2920
1012 1452
1453 1909
601 1456
493 1457
1460 2606
1461 1462
1461 1463
815 1462
1462 2175
1462 2922
650 1464
430 1465
1464 1465
722 1466
509 1468
1084 1468
1468 2771
322 1470
795 1470
844 1470
1470 2650
594 1472
345 1474
1101 1474
1475 1476
1475 2102
1478 1479
1480 1802
1480 2213
502 1484
624 1484
903 1484
1484 2174
1484 2807
1484 2815
1484 3255
124 1485
304 1485
1485 2866
658 1486
1486 2650
1487 1705
1487 3197
568 1489
556 1490
596 1490
1493 1494
1498 1499
546 1500
1498 1500
1499 1500
1502 1841
1502 1996
1502 2213
115 1504
152 1504
155 1504
156 1504
400 1504
475 1504
519 1504
540 1504
558 1504
699 1504
900 1504
922 1504
928 1504
936 1504
956 1504
989 1504
1137 1504
1504 1584
1504 1594
1504 1715
1504 1757
1504 1782
1504 1907
1504 2213
1504 2341
1504 2410
1504 2509
1504 2564
1504 2570
576 1506
591 1506
565 1507
1507 1986
1507 2175
1507 2176
639 1509
1508 1509
1509 1510
1508 1510
1512 1513
1515 1516
1516 1769
385 1517
1518 1519
1520 1521
1191 1524
1234 1524
1524 2420
1524 3102
1526 2778
529 1528
978 1529
884 1530
1147 1530
1530 1828
1530 2299
96 1531
953 1531
1190 1532
1532 2437
1532 2787
247 1538
1536 1538
1538 2213
827 1539
247 1540
624 1540
723 1540
845 1540
868 1540
896 1540
1209 1540
1536 1540
1540 1603
1540 1649
1540 1892
1540 2223
1540 2230
1540 2234
1540 2971
735 1542
566 1544
1543 1544
201 1545
921 1545
1545 3101
100 1546
194 1546
201 1546
921 1546
1229 1546
1230 1546
1545 1546
1546 1547
1546 1793
1546 2534
1546 2659
1546 2660
1546 3101
1546 3116
1546 3150
1546 3279
1548 3037
1403 1550
229 1552
1551 1552
1552 1553
1554 2577
1263 1557
1558 2055
753 1560
1561 1796
1561 1562
1562 2926
107 1564
317 1564
570 1564
768 1564
1564 2119
1564 2373
1564 3051
1564 3199
537 1567
830 1567
1567 1878
576 1568
591 1569
1572 1925
1497 1573
837 1574
1577 1751
1580 3269
451 1581
1580 1581
1581 1591
1581 2429
1581 3269
717 1582
1583 1999
633 1584
720 1585
822 1585
1070 1585
1071 1585
1459 1585
1585 1911
1585 3087
694 1586
152 1588
262 1588
304 1588
332 1588
672 1588
1588 1668
1588 1773
1588 2341
671 1589
1314 1589
1589 2292
1589 2686
1589 3070
761 1590
677 1593
1142 1593
1584 1594
1594 1782
1599 2778
178 1600
1298 1600
1435 1601
1428 1605
865 1606
1057 1606
1606 1649
1606 2143
1606 2795
1607 2074
1607 2918
1609 2246
1610 3110
1611 3010
455 1612
802 1613
870 1614
663 1616
1617 1958
1617 2217
147 1618
257 1618
443 1618
445 1618
606 1618
623 1618
965 1618
1186 1618
1197 1618
1502 1618
1618 1958
1618 1964
1618 2213
1618 3120
1618 3213
1618 3243
1618 3244
1619 1717
872 1620
1620 1621
568 1622
283 1623
349 1623
1623 1624
283 1624
1626 1627
1628 1629
1630 1631
1630 1632
1631 1632
1633 1634
1635 1636
157 1637
159 1637
1637 1638
1637 1685
1637 1867
1637 2706
1637 3004
1639 2410
1335 1640
704 1641
899 1641
1642 1643
1644 1695
1645 3174
1570 1646
1647 2325
1649 1863
1144 1652
1653 2169
216 1656
1654 1656
1659 2826
428 1662
721 1663
1663 1664
1663 2586
1667 1668
1667 2341
1668 2341
1055 1669
1670 2360
468 1672
1672 1701
1672 2936
1676 3217
5 1677
871 1677
627 1679
645 1680
1566 1681
1681 2282
99 1683
646 1684
456 1685
1287 1686
1686 2079
269 1687
1687 2093
1689 2144
57 1690
69 1690
1050 1690
1689 1690
1170 1693
449 1694
1696 2143
519 1697
1219 1697
1454 1697
1491 1697
1697 2680
1698 3164
1699 3162
670 1700
1702 1703
1706 3133
803 1707
533 1708
1708 2142
1708 2838
365 1709
1484 1709
1710 2514
274 1711
1714 2122
1590 1715
761 1716
569 1718
675 1718
435 1719
591 1719
1719 2540
1720 1721
92 1724
1724 2063
92 1725
967 1725
1725 1727
1726 1727
1728 1730
633 1729
845 1729
868 1729
896 1729
1729 1801
1729 1802
1729 1863
1729 2213
1734 2162
1734 2163
284 1735
385 1735
1736 2240
1736 3262
1737 2038
1737 2240
1737 2481
125 1738
170 1738
204 1738
219 1738
305 1738
1738 2324
1738 2504
1738 3166
1738 3246
618 1740
725 1740
1740 1858
429 1741
811 1741
966 1741
1741 1742
1741 2767
1741 2886
429 1742
935 1742
966 1742
1742 2846
1743 2547
1279 1744
1746 3110
1747 2264
1657 1750
1750 1855
1750 2143
1750 2618
1750 2707
1750 3230
264 1752
445 1752
1364 1752
1502 1752
1752 1753
1752 2656
1752 3244
711 1753
71 1754
234 1757
889 1757
1486 1757
1757 2651
1759 1992
1761 3003
1278 1763
1520 1764
286 1768
644 1768
823 1768
827 1768
1362 1768
1768 2486
1768 2488
1772 2079
1772 2121
369 1775
587 1778
548 1780
1682 1780
1780 2482
1780 3187
615 1782
1782 2477
1782 2478
1782 2570
664 1783
1783 1784
1784 1786
631 1788
1789 2441
574 1791
1792 1837
1084 1795
165 1798
455 1798
802 1798
938 1798
1612 1798
1613 1798
1798 2023
1798 2024
1798 2025
406 1800
829 1800
1800 2213
700 1801
1731 1801
1801 1802
1801 2213
1801 2682
889 1802
1802 2651
406 1803
1057 1803
1731 1803
1801 1803
1803 2213
1731 1804
1807 1808
198 1808
946 1808
322 1809
235 1811
1810 1811
844 1812
1813 2967
1813 3151
250 1815
1815 2605
1816 2508
1816 2618
1816 2800
1482 1817
1644 1817
1819 2068
402 1824
795 1824
844 1824
1824 2438
1824 2650
1824 2801
585 1825
1826 1827
1830 1831
747 1832
631 1833
1745 1835
1835 2732
1266 1836
511 1838
582 1838
1838 2663
749 1839
838 1839
1304 1839
610 1843
702 1843
1136 1843
1843 2447
1843 2622
610 1844
617 1844
1136 1844
567 1845
1846 2004
470 1847
696 1847
1223 1847
1847 2175
1847 2821
1847 3000
13 1849
461 1849
974 1849
1850 2581
1851 1852
809 1854
1854 2034
1856 3110
1039 1857
1042 1857
841 1859
842 1859
1859 1860
543 1861
545 1861
554 1861
571 1861
311 1865
1865 1866
583 1866
1868 2385
203 1869
790 1870
1870 2301
1870 3197
1522 1871
1872 3068
572 1874
1362 1874
1367 1874
1876 2725
1877 2326
1877 3277
830 1878
1879 1881
1880 1881
269 1882
1259 1882
1425 1882
1882 2285
1882 2500
1883 1884
1885 2286
1885 2802
1885 2803
1886 2616
1048 1887
634 1888
1568 1888
1889 1891
1889 2664
1889 2665
1890 1891
609 1893
1132 1893
1893 1894
1631 1895
1793 1896
1896 2131
100 1897
1897 2660
486 1898
640 1899
1899 2362
1674 1901
1901 2728
1054 1902
265 1904
131 1905
1906 2264
1088 1907
204 1908
1882 1908
1908 2324
713 1909
745 1910
720 1911
822 1911
1912 1913
562 1914
858 1915
1916 1917
1918 2122
1919 1920
236 1921
1279 1923
1924 2321
1928 2074
866 1930
658 1931
660 1931
835 1931
1349 1931
1822 1931
1892 1931
1931 2029
1931 2230
1931 2480
1931 2880
1933 2981
605 1934
607 1934
1108 1934
1109 1934
1111 1934
1934 2960
1486 1935
1935 2650
1935 2822
787 1936
1936 2225
1937 1938
715 1939
1692 1940
1939 1940
315 1941
346 1942
555 1943
533 1944
587 1944
637 1944
1680 1944
1943 1944
303 1945
328 1945
389 1945
1945 2816
1945 2817
1945 2948
255 1946
549 1946
1377 1946
1695 1947
1949 3101
249 1950
921 1950
1793 1950
1833 1950
1950 3116
1950 3150
1950 3151
1949 1951
1951 3116
790 1953
975 1953
1045 1953
1199 1953
1368 1953
1878 1953
1953 2956
1953 2977
507 1954
1718 1954
1954 2609
526 1955
1281 1956
1956 2999
408 1957
1041 1957
1042 1957
1380 1957
1382 1957
34 1958
247 1958
296 1958
1536 1958
1731 1958
1800 1958
1801 1958
1803 1958
1804 1958
1958 1986
1958 2120
1958 2193
1958 2273
1958 2391
1958 2856
1958 3052
1958 3242
1958 3243
1958 3244
838 1963
799 1964
1964 2983
492 1965
1966 1967
1966 2096
1968 1969
1970 1971
1972 1973
1972 1975
1973 1975
1973 1976
1975 1976
1976 1977
819 1977
1975 1977
266 1979
1978 1979
1980 2636
587 1981
132 1982
1199 1983
1602 1983
1983 1984
306 1987
812 1987
839 1987
1331 1987
1344 1987
1561 1987
1564 1987
1972 1987
1987 2413
1987 3199
1987 3200
1987 3218
1987 3234
1987 3250
1987 3278
171 1989
312 1989
330 1989
1989 1990
1990 2491
1994 2063
1997 2991
2000 2001
2000 2002
2000 2251
651 2004
1559 2005
2005 2784
1069 2006
1101 2006
1474 2006
2006 2871
458 2009
1383 2009
2009 2267
2009 3045
176 2010
2010 2011
1713 2011
1990 2011
2014 2015
324 2016
459 2016
713 2018
745 2018
145 2019
165 2019
461 2019
802 2019
938 2019
949 2019
1612 2019
1613 2019
1798 2019
1799 2019
1849 2019
2019 2023
2019 2024
2019 2025
2019 2781
1798 2020
2019 2020
2020 2781
103 2021
1309 2021
2021 2059
802 2023
938 2023
2023 2024
2023 2025
802 2024
938 2024
1612 2024
802 2025
938 2025
2024 2025
1712 2026
605 2027
607 2027
1108 2027
1109 2027
1110 2027
1111 2027
1746 2027
542 2028
2029 2030
630 2032
769 2032
2032 2289
181 2035
191 2035
289 2035
356 2035
517 2035
561 2035
837 2035
921 2035
1066 2035
1067 2035
1193 2035
2032 2035
2035 2105
2035 2167
2035 2580
2035 2581
2035 2602
2035 2676
2035 2773
2035 2876
2035 2994
2035 3233
201 2037
921 2037
1949 2037
2037 3279
697 2039
2039 2040
2039 2111
816 2041
697 2042
1731 2042
1784 2042
2042 2341
2042 2507
2042 2988
2042 3210
2042 3211
743 2043
2043 2885
8 2045
1011 2045
2045 2056
2048 3121
24 2051
589 2051
2051 2459
2052 2224
2054 2055
2054 2731
8 2056
2056 3083
1318 2057
2058 2896
13 2059
103 2059
974 2059
656 2060
810 2062
824 2066
568 2069
2071 3065
563 2073
2075 2310
2075 2642
1716 2076
2076 2703
1716 2077
1739 2077
2077 2703
749 2078
783 2078
838 2078
876 2078
2078 2751
1591 2079
2079 3269
1748 2080
2081 2171
2082 2346
2082 2347
2082 2348
2083 2191
2083 2192
380 2085
1155 2085
380 2086
1155 2086
2086 2503
2086 2949
2086 3170
654 2087
2087 2088
2088 3051
1271 2092
1537 2092
2092 2699
2092 2700
1517 2094
2095 2744
2097 2384
2097 2710
353 2099
680 2100
2101 2584
306 2103
768 2103
775 2103
839 2103
1116 2103
1564 2103
1796 2103
2103 2104
2103 2296
2103 2413
2103 2819
2103 3199
2103 3200
2103 3207
2103 3250
2103 3278
195 2104
2104 2811
2104 3207
183 2105
288 2105
419 2105
727 2105
750 2105
1066 2105
1067 2105
1112 2105
1903 2105
1962 2105
2105 2147
2105 2313
2105 2344
2105 2667
2105 2668
2105 2713
2105 2819
2105 2928
2105 3094
2106 2819
29 2107
100 2107
108 2107
2035 2107
2088 2107
2107 2657
2107 2729
2108 2267
1581 2109
697 2111
2112 2114
684 2113
2112 2113
2115 2322
2115 2323
200 2116
200 2117
2116 2117
2118 2119
865 2120
2120 2570
865 2121
2123 2187
210 2124
335 2125
759 2126
2126 2127
234 2129
1757 2129
2129 2515
223 2130
412 2130
2062 2132
2133 2134
2132 2134
679 2135
712 2135
786 2135
503 2136
2139 3173
752 2140
2140 2141
2140 3111
2141 3111
514 2142
2142 2838
2142 3035
1255 2143
1256 2143
2143 2257
2143 2448
2143 2570
2143 2673
1090 2146
310 2147
320 2147
2149 2339
2150 2151
223 2151
412 2151
1032 2151
1012 2152
2063 2152
2152 2153
2152 2776
2152 2777
2152 2778
211 2153
1282 2153
2063 2153
2153 2776
2153 2777
887 2157
2162 2163
794 2164
809 2164
821 2164
859 2164
771 2165
390 2167
774 2167
837 2167
1793 2167
776 2168
788 2172
1414 2173
1098 2174
1878 2174
2115 2174
2174 2175
2174 2176
2174 2213
2174 2691
719 2177
1185 2179
2179 2494
336 2180
700 2181
2181 2682
1802 2182
2145 2183
554 2185
864 2185
1575 2185
1596 2185
1615 2185
2053 2185
2184 2185
2185 2885
2185 3051
2185 3278
1595 2188
1235 2189
1328 2190
1329 2190
1332 2190
1333 2190
2191 2194
1384 2195
2196 2197
760 2198
2198 2737
406 2199
1525 2199
2199 2200
86 2201
620 2201
719 2201
1794 2201
2177 2201
2201 2203
581 2202
506 2203
2204 3098
506 2205
1246 2207
1922 2208
2209 2211
2161 2210
1277 2211
2210 2211
1952 2212
808 2213
361 2214
406 2214
700 2214
1034 2214
1472 2214
1536 2214
1731 2214
1800 2214
1801 2214
1803 2214
1804 2214
1964 2214
2120 2214
2193 2214
2213 2214
2214 2216
2214 2217
2214 2577
2214 2921
113 2215
173 2215
257 2215
361 2215
423 2215
443 2215
445 2215
623 2215
628 2215
629 2215
865 2215
1057 2215
1227 2215
1603 2215
1804 2215
1964 2215
2120 2215
2121 2215
2213 2215
2215 2216
2215 2217
2215 2273
2215 2387
2215 2391
2215 2429
2215 2684
2215 2925
2215 3213
2215 3243
2215 3244
1227 2216
1964 2216
2213 2216
2120 2217
2065 2218
388 2219
678 2220
855 2220
2220 2329
844 2221
932 2222
948 2222
2009 2227
579 2228
837 2228
1774 2228
2228 2415
2228 2416
1082 2229
1398 2229
348 2231
2231 3141
2231 3142
2232 3075
2233 2234
807 2234
7 2235
2233 2236
2234 2236
2067 2237
1464 2238
2238 2251
2238 2920
1438 2240
2240 2871
1441 2243
2243 2245
524 2244
866 2247
1930 2247
442 2249
2248 2249
2250 2578
575 2252
2178 2253
883 2254
488 2256
2258 3051
1853 2260
2261 2764
2084 2262
410 2263
803 2264
2266 2270
2270 2275
208 2272
410 2272
411 2272
973 2272
1749 2272
2263 2272
2269 2272
2271 2272
2272 2276
2272 2278
2272 2865
147 2273
257 2273
296 2273
443 2273
445 2273
623 2273
2273 3120
2273 3213
2273 3243
2273 3244
410 2274
2274 2276
2274 3214
2266 2275
2276 2277
2277 2279
555 2282
1943 2282
553 2283
555 2283
2281 2283
700 2284
2286 2802
2287 2819
1948 2288
1192 2289
2009 2293
1704 2295
2292 2296
2297 2298
496 2299
2303 2939
638 2304
657 2304
1692 2304
1829 2304
319 2305
2305 2522
604 2306
674 2308
285 2311
1787 2312
2315 2585
2318 2999
2319 2701
602 2320
2320 3259
2322 2323
872 2327
1513 2327
1254 2328
2330 2331
2330 3278
1087 2331
570 2332
654 2332
2332 2926
2332 3199
2333 2334
1797 2334
2334 3216
773 2335
1114 2335
1566 2336
777 2337
2337 2338
2337 2340
777 2338
777 2339
2338 2339
2339 2340
2342 2343
2343 2415
321 2344
2344 2600
2345 2348
2346 2347
2345 2349
2347 2349
2348 2349
842 2350
1087 2351
1087 2352
2330 2352
2331 2352
2351 2352
1454 2353
2353 2533
830 2354
1491 2354
1856 2354
1878 2354
2353 2354
2357 3278
1659 2358
1661 2358
431 2359
312 2360
2031 2360
2031 2361
2363 2364
1520 2366
2206 2369
487 2370
511 2370
2370 2371
504 2372
696 2372
2372 2674
2372 2707
2372 2820
2372 2821
2373 3199
619 2374
1737 2377
2240 2377
2377 2378
2377 2399
2377 3262
1767 2378
632 2379
739 2379
886 2379
409 2380
1092 2380
1094 2380
2380 2381
2380 3039
1611 2382
2383 2652
865 2386
1210 2386
1409 2386
1603 2386
2386 2387
2386 2576
2386 2577
2386 2931
2386 2932
247 2388
1209 2388
1210 2388
1536 2388
1584 2388
1603 2388
2387 2388
2388 2576
2388 2577
2388 2931
2388 2932
2390 3264
147 2391
240 2391
257 2391
296 2391
443 2391
445 2391
623 2391
2098 2391
2213 2391
2273 2391
2391 3120
2391 3213
2391 3242
2391 3243
2391 3244
1056 2392
1999 2393
2395 2396
250 2397
2398 2399
2400 2401
2403 2441
675 2404
281 2406
460 2406
1813 2406
2406 2407
2406 2408
2406 2745
2405 2407
2407 3157
1332 2408
2408 3157
2409 2410
150 2411
2411 2412
2258 2413
2415 2416
2065 2417
293 2418
572 2418
584 2418
1828 2418
1070 2419
1071 2419
1072 2419
2419 3058
634 2420
733 2420
814 2420
1765 2420
1823 2420
1981 2420
2198 2420
2420 2587
2420 2805
650 2421
1427 2422
2422 3256
2423 2570
126 2424
1819 2424
1106 2426
872 2428
1280 2428
193 2431
272 2431
1501 2431
2432 2433
1127 2434
1308 2434
662 2435
323 2436
598 2436
2436 3257
2436 2437
795 2438
2438 2508
2438 2650
2438 2822
342 2440
2442 2443
730 2443
730 2444
2290 2444
730 2445
610 2447
702 2447
246 2449
403 2449
1251 2449
1373 2449
2449 2568
2449 2577
2449 2645
2300 2450
2451 2455
422 2452
874 2452
2452 2692
2452 2693
1814 2455
873 2456
1224 2457
2120 2458
1495 2460
1514 2460
1563 2460
1691 2462
2462 2786
184 2464
2463 2464
968 2465
2175 2466
2176 2466
2115 2467
2322 2467
2323 2467
2466 2467
557 2468
560 2468
666 2468
1507 2468
1696 2468
2174 2468
2175 2468
2176 2468
2468 2563
2468 3224
2325 2469
1342 2471
1587 2471
196 2472
648 2472
1200 2472
1648 2472
1860 2472
2472 2999
2473 2572
2474 2845
2475 2477
668 2476
2476 2477
2477 2478
1209 2479
1603 2479
2230 2479
2387 2479
2479 2576
2479 2880
2479 2932
1210 2480
1445 2480
2230 2480
632 2483
2485 3054
2486 2488
2487 2488
2489 2841
197 2490
2490 2692
2491 2492
1088 2493
892 2494
618 2495
678 2496
713 2496
1391 2496
2160 2496
2329 2496
2496 2655
2496 2685
106 2498
572 2500
1131 2500
667 2501
740 2501
2470 2502
2028 2503
2503 2949
2504 2505
2507 2508
2507 2800
375 2509
483 2509
581 2509
697 2509
900 2509
912 2509
922 2509
1784 2509
1816 2509
2202 2509
2341 2509
2507 2509
2509 2618
2509 2800
2509 2988
2509 3210
2509 3255
1675 2510
1213 2511
2511 2729
636 2512
1389 2512
1390 2512
2423 2512
983 2513
314 2515
2296 2518
2519 2520
416 2521
1010 2521
1665 2521
2521 2943
2523 2524
141 2525
242 2525
1001 2525
2525 2526
2525 2528
141 2526
1001 2526
2526 2527
378 2529
1080 2529
1728 2529
1823 2529
2529 2811
2529 3051
523 2530
2267 2530
2531 2532
2461 2535
757 2536
2537 3037
716 2539
764 2539
721 2540
151 2541
2541 2543
2541 2743
1705 2542
2542 2742
2542 2894
2542 2895
2356 2543
2543 2609
2543 2743
2544 2545
2545 2546
41 2549
940 2549
1376 2550
2551 2552
2551 2553
2552 2553
2554 2555
239 2557
2557 2558
1927 2559
2559 2717
2559 2939
838 2561
390 2562
556 2562
2211 2562
2267 2562
395 2565
1877 2565
2565 3277
2259 2566
658 2567
1121 2567
1226 2567
1311 2567
2029 2567
2030 2567
2217 2567
2233 2567
2234 2567
2497 2567
2567 2575
403 2568
2423 2569
2569 2570
763 2574
2387 2576
2576 2932
1603 2577
2387 2577
2576 2577
851 2579
1771 2579
561 2582
2580 2582
2581 2582
2583 2584
601 2584
849 2586
350 2588
1695 2589
1454 2591
2590 2591
2592 2593
2594 2595
2592 2595
2593 2595
87 2596
255 2596
1403 2596
2596 3228
2597 3181
2206 2599
2601 2652
181 2602
517 2602
561 2602
721 2602
1615 2602
2300 2602
2517 2602
2580 2602
2581 2602
2602 2604
2602 2773
2602 2842
517 2604
2300 2604
2604 2773
671 2606
2606 3249
1084 2607
1579 2607
1940 2607
2607 2718
1592 2608
2610 2942
449 2612
673 2612
752 2612
791 2612
2036 2612
2267 2612
2382 2612
2611 2612
2612 2870
2612 3041
2612 3043
2612 3086
2612 3209
2612 3212
2612 3227
2612 3276
1999 2613
1995 2614
2455 2614
2614 2615
237 2615
1814 2615
2402 2615
2536 2619
670 2623
1032 2623
2584 2623
2624 2625
2624 2626
2624 2899
2625 2626
2625 2899
1477 2628
2627 2628
2629 3005
2405 2630
531 2631
586 2631
591 2631
593 2631
840 2631
944 2631
1220 2631
1346 2631
1354 2631
1355 2631
1506 2631
1514 2631
2460 2631
2586 2631
2631 2826
892 2632
2633 2634
2634 2635
2637 2638
2637 3157
2639 3171
2191 2640
2192 2640
2206 2640
2191 2641
2192 2641
2206 2641
2640 2641
2641 2867
691 2643
735 2644
1542 2644
1969 2644
1093 2645
1023 2646
1024 2646
1926 2648
2648 3010
795 2650
844 2650
1277 2653
1139 2654
692 2656
2657 2660
2657 2858
100 2658
2660 3150
679 2661
2668 2669
2667 2669
454 2670
676 2670
748 2670
1299 2670
1300 2670
1565 2671
1595 2671
2188 2671
2671 2672
504 2674
24 2675
2612 2678
160 2679
45 2681
592 2681
700 2684
2684 2880
1399 2687
2687 2950
82 2688
2690 3125
422 2692
2692 2693
663 2694
971 2694
1904 2694
2694 2696
2694 2698
104 2695
195 2695
202 2695
225 2695
245 2695
265 2695
351 2695
566 2695
703 2695
714 2695
718 2695
727 2695
749 2695
840 2695
1046 2695
1314 2695
1340 2695
1404 2695
1405 2695
1541 2695
1589 2695
1593 2695
1615 2695
1616 2695
1650 2695
1651 2695
1658 2695
1719 2695
1833 2695
1879 2695
1880 2695
1881 2695
2258 2695
2300 2695
2330 2695
2331 2695
2357 2695
2445 2695
2446 2695
2482 2695
2516 2695
2529 2695
2602 2695
2604 2695
2647 2695
2686 2695
2695 3152
2695 3200
2695 3203
2695 3204
2695 3235
463 2696
1193 2696
1593 2696
1602 2696
2602 2696
2604 2696
2696 3200
2696 3203
2696 3204
2696 3206
195 2697
1929 2697
1066 2698
1904 2698
2316 2702
1716 2703
2702 2703
421 2704
1722 2704
1723 2704
421 2705
1722 2705
241 2709
1781 2713
865 2714
2715 2716
731 2716
1926 2717
1927 2717
614 2718
2420 2718
2718 3238
38 2720
1042 2720
287 2721
735 2721
1398 2721
1542 2721
1838 2721
2228 2721
2342 2721
2644 2721
2721 2722
226 2722
428 2722
1401 2722
2371 2722
355 2723
578 2723
885 2723
895 2723
1074 2723
2726 2819
1177 2727
2482 2727
2730 2731
1835 2733
2732 2733
659 2735
2735 2736
1481 2745
2745 3079
2746 2747
11 2748
2006 2748
1517 2749
1114 2750
783 2751
2751 2753
284 2754
385 2754
504 2754
1517 2754
1668 2754
2341 2754
2372 2754
2674 2754
2749 2754
2752 2754
1018 2755
1019 2755
1020 2755
2755 2756
1018 2756
1020 2756
653 2758
2727 2758
2758 2759
2758 2760
511 2760
582 2760
2663 2760
528 2761
185 2762
1670 2762
1755 2762
2741 2762
2749 2762
2762 3229
366 2765
2763 2765
2766 2821
848 2767
2764 2767
2767 2886
1158 2768
1383 2769
2768 2769
2769 3210
1471 2770
715 2771
2771 2894
2771 2895
2771 3079
1793 2773
2063 2776
2063 2777
2777 2778
1993 2778
1776 2779
145 2781
911 2781
1613 2781
2022 2781
2063 2782
2291 2783
2785 2786
290 2787
2789 2793
2789 3236
2789 2790
2790 2792
2790 2793
2789 2791
2789 2792
2792 2793
114 2794
2789 2794
2794 3145
583 2796
1383 2796
2796 3210
779 2797
2499 2797
1806 2798
797 2799
2448 2799
2618 2800
795 2801
789 2804
698 2805
698 2806
2805 2806
2807 2815
507 2808
2303 2808
367 2809
2812 2814
424 2813
424 2814
2813 2814
328 2817
291 2818
600 2818
604 2818
608 2818
1280 2818
1384 2818
2004 2818
2306 2818
2341 2818
2818 3061
2818 3223
2818 3259
696 2820
696 2821
795 2822
917 2823
2367 2824
1170 2827
2711 2827
2712 2827
1277 2828
2827 2828
507 2829
1187 2829
1578 2829
857 2831
2038 2832
2481 2832
507 2833
637 2833
1084 2833
1578 2833
2831 2833
2833 3076
2833 3077
2833 3079
438 2834
54 2835
1873 2836
888 2837
533 2838
712 2839
2508 2840
2843 2844
2843 2845
2844 2845
414 2848
746 2848
2848 2849
746 2849
2409 2850
2410 2850
2092 2851
2851 2852
2853 2854
2067 2855
739 2856
2858 3279
123 2859
612 2860
2860 3260
1018 2861
1020 2861
696 2863
900 2863
1657 2863
2175 2863
2176 2863
2213 2863
2508 2863
2707 2863
2820 2863
2821 2863
2864 3014
208 2865
1211 2866
1030 2867
2191 2867
2206 2867
2640 2867
2868 2869
1378 2872
1657 2872
2872 2997
1657 2873
391 2874
2573 2874
1576 2875
2226 2875
2226 2876
313 2877
446 2879
568 2881
2882 2883
691 2883
1760 2884
2617 2884
743 2885
129 2887
188 2887
2891 3030
577 2893
2893 3083
2894 2895
725 2897
2151 2897
2772 2897
2586 2898
2903 2904
1329 2905
1332 2905
2905 2906
1330 2907
2055 2907
1756 2908
2908 2909
1756 2909
2888 2910
2889 2910
2174 2911
553 2912
2281 2912
706 2914
189 2916
2916 2917
189 2917
513 2917
161 2919
2683 2919
271 2923
375 2923
557 2923
560 2923
1462 2923
1463 2923
1507 2923
1657 2923
2143 2923
2174 2923
2175 2923
2176 2923
2213 2923
2341 2923
2467 2923
2475 2923
2476 2923
2570 2923
2752 2923
2922 2923
2923 3017
2923 3230
2713 2928
327 2929
1430 2930
2647 2934
468 2936
1701 2936
294 2937
2937 2938
2161 2939
2368 2939
352 2940
614 2940
791 2940
1938 2940
2367 2940
2368 2940
2741 2940
2825 2940
2894 2940
2895 2940
2939 2940
2940 2941
2940 3005
2940 3276
715 2941
857 2941
1086 2941
1468 2941
1778 2941
2718 2941
2771 2941
2833 2941
2894 2941
2895 2941
2941 3079
2944 2945
1196 2947
1281 2947
1624 2947
2881 2947
2947 2999
836 2951
1089 2951
2461 2951
2951 2952
836 2953
26 2954
183 2954
288 2954
321 2954
926 2954
1113 2954
1328 2954
1881 2954
1962 2954
2105 2954
2600 2954
666 2955
2957 2999
2957 2958
2958 2959
888 2959
471 2961
605 2961
607 2961
1109 2961
1111 2961
219 2965
1855 2966
588 2967
2307 2968
478 2969
81 2972
2972 2973
2972 2976
2970 2973
307 2975
707 2979
2450 2980
2980 3279
2310 2982
2642 2982
79 2987
2618 2988
2988 2989
2202 2990
893 2991
2991 2992
2880 2993
806 2997
1387 3001
2778 3001
595 3006
3007 3276
845 3008
868 3008
896 3008
1540 3008
2971 3008
3008 3009
594 3009
1472 3009
2053 3011
2302 3012
757 3015
861 3015
1939 3015
1940 3015
2632 3015
2711 3015
3016 3070
772 3017
2115 3017
2466 3017
3017 3230
850 3019
935 3019
958 3019
1741 3019
3018 3019
3020 3021
453 3021
3022 3061
3023 3026
3024 3026
962 3027
2301 3028
3026 3029
2988 3031
782 3032
1319 3032
2902 3032
3033 3034
3038 3039
2956 3040
749 3042
838 3042
1304 3042
2078 3042
2780 3042
673 3046
2996 3046
749 3048
851 3048
3048 3171
2163 3049
102 3050
1985 3050
880 3052
3053 3055
3054 3055
3056 3057
3058 3059
2819 3059
1790 3062
204 3063
326 3063
1061 3063
1604 3063
2003 3063
2498 3063
710 3064
742 3064
2100 3064
2998 3064
3066 3067
1314 3069
1589 3069
3069 3070
1313 3071
1314 3071
3069 3071
3070 3071
3069 3072
2331 3073
3074 3075
3076 3077
2831 3077
3077 3079
3078 3079
857 3079
3080 3081
894 3081
577 3083
2230 3083
3085 3186
720 3087
1459 3087
3088 3089
1112 3094
2481 3097
2871 3097
3099 3100
929 3102
1327 3102
1448 3103
756 3105
2741 3105
3106 3107
331 3108
1351 3113
2172 3113
1282 3115
2352 3115
1428 3117
665 3118
257 3120
1996 3120
2505 3120
1147 3122
2690 3123
873 3126
3127 3129
3127 3132
2984 3128
3128 3135
3129 3132
668 3130
2257 3130
1335 3131
1787 3131
2312 3131
280 3134
1278 3134
1762 3134
2005 3134
2389 3136
713 3138
3137 3138
3137 3139
137 3140
348 3141
592 3143
1771 3144
3146 3147
3147 3149
3146 3148
778 3149
3146 3149
714 3152
1430 3154
149 3155
1430 3155
474 3157
2405 3157
643 3159
88 3160
461 3160
1849 3160
3160 3178
1012 3161
2063 3161
142 3162
497 3162
3162 3192
770 3163
1779 3165
621 3166
1324 3166
2324 3166
2322 3168
3168 3169
1946 3169
2172 3169
1549 3170
261 3175
3173 3175
3174 3175
404 3176
2998 3177
3180 3181
3180 3182
3183 3184
734 3185
2248 3188
2957 3188
3189 3232
1209 3190
1603 3190
1209 3191
1603 3191
547 3194
712 3194
1556 3194
1640 3194
2055 3194
3195 3196
2961 3197
3091 3198
832 3199
840 3199
1562 3199
2413 3199
2857 3199
3051 3199
3199 3200
634 3200
3200 3220
3201 3202
1974 3202
414 3205
746 3205
2848 3205
2849 3205
1199 3206
1602 3206
1983 3206
2961 3206
275 3207
359 3207
812 3207
1564 3207
1730 3207
2033 3207
2053 3207
2413 3207
2811 3207
3051 3207
3080 3207
3124 3207
3200 3207
3207 3234
379 3208
483 3209
3209 3211
2618 3210
1118 3212
1119 3212
692 3213
700 3213
2239 3215
3219 3220
316 3221
146 3222
291 3223
2306 3223
557 3224
1319 3225
3227 3276
1909 3228
1995 3228
2749 3229
2618 3230
942 3231
2416 3233
3220 3233
3051 3234
2415 3235
2416 3235
3233 3235
1505 3239
2091 3239
3240 3241
257 3242
296 3242
443 3242
445 3242
692 3242
3242 3244
147 3243
257 3243
296 3243
443 3243
445 3243
3120 3243
3213 3243
3242 3243
3243 3244
296 3244
3120 3244
1688 3245
34 3247
1256 3247
2448 3247
851 3250
1563 3250
34 3251
371 3251
519 3251
872 3251
1209 3251
1226 3251
1536 3251
1580 3251
1581 3251
1603 3251
1635 3251
1964 3251
2570 3251
2908 3251
2983 3251
247 3252
467 3252
872 3252
1536 3252
1620 3252
2046 3252
2163 3252
2983 3252
2508 3255
401 3256
602 3259
1427 3261
1429 3261
3256 3261
2240 3262
3258 3263
294 3265
401 3265
1427 3265
3256 3265
3266 3267
3270 3271
993 3273
3272 3273
1467 3275
3109 3276
