5278 2708
27 1687
30 1687
32 1687
42 1687
96 1687
99 1687
215 1687
274 1687
279 1687
288 1687
300 1687
354 1687
390 1687
394 1687
409 1687
454 1687
464 1687
487 1687
500 1687
505 1687
507 1687
511 1687
518 1687
531 1687
533 1687
539 1687
543 1687
545 1687
561 1687
566 1687
567 1687
591 1687
592 1687
598 1687
634 1687
644 1687
657 1687
691 1687
692 1687
741 1687
743 1687
782 1687
786 1687
815 1687
831 1687
833 1687
842 1687
857 1687
871 1687
878 1687
891 1687
950 1687
969 1687
994 1687
1012 1687
1054 1687
1055 1687
1084 1687
1109 1687
1154 1687
1176 1687
1189 1687
1207 1687
1239 1687
1241 1687
1268 1687
1273 1687
1276 1687
1277 1687
1303 1687
1317 1687
1364 1687
1372 1687
1417 1687
1420 1687
1433 1687
1444 1687
1445 1687
1454 1687
1457 1687
1461 1687
1488 1687
1490 1687
1518 1687
1545 1687
1549 1687
1552 1687
1557 1687
1558 1687
1559 1687
1579 1687
1661 1687
1666 1687
1667 1687
1687 1691
1687 1739
1687 1749
1687 1804
1687 1810
1687 1822
1687 1844
1687 1862
1687 1871
1687 1875
1687 1903
1687 1905
1687 1927
1687 1928
1687 1949
1687 1982
1687 1983
1687 2000
1687 2001
1687 2027
1687 2031
1687 2032
1687 2033
1687 2034
1687 2035
1687 2037
1687 2038
1687 2039
1687 2045
1687 2046
1687 2049
1687 2063
1687 2066
1687 2092
1687 2100
1687 2102
1687 2107
1687 2109
1687 2115
1687 2122
1687 2127
1687 2128
1687 2129
1687 2155
1687 2232
1687 2233
1687 2234
1687 2235
1687 2247
1687 2301
1687 2303
1687 2307
1687 2309
1687 2341
1687 2342
1687 2349
1687 2412
1687 2413
1687 2421
1687 2472
1687 2531
1687 2538
1687 2542
1687 2552
1687 2558
1687 2572
1687 2584
1687 2595
1687 2611
1687 2612
1687 2698
1687 2701
213 1784
306 1784
891 1784
89 754
129 754
149 754
150 754
158 754
188 754
247 754
294 754
363 754
369 754
372 754
405 754
480 754
754 941
754 965
754 978
754 1022
754 1244
754 1253
754 1373
754 1509
754 1517
754 1520
754 1523
754 1531
754 1533
754 1672
754 1742
754 1769
754 1837
754 1994
754 2080
754 2167
754 2171
754 2175
754 2184
754 2283
754 2483
754 2506
754 2559
754 2636
754 2697
222 894
894 1088
894 1172
894 1234
894 1302
894 1508
894 1516
894 1523
894 1531
894 1650
894 1651
894 1672
894 1742
894 1769
894 2171
894 2179
894 2508
294 965
965 1294
965 1769
965 2636
978 1040
978 1679
978 1769
366 1550
1550 1715
715 1819
1337 1819
1819 1895
1467 1837
1872 2079
71 1929
269 1929
1929 1931
1929 2619
71 1931
161 1931
1931 2619
57 2612
121 2612
252 2612
274 2612
284 2612
763 2612
950 2612
1004 2612
1129 2612
1160 2612
1172 2612
1238 2612
1315 2612
1461 2612
1530 2612
1574 2612
1575 2612
1659 2612
1697 2612
1739 2612
2130 2612
2165 2612
2178 2612
2180 2612
2289 2612
2602 2612
2612 2697
98 2625
127 2625
302 2625
732 2625
755 2625
1678 2625
2625 2629
108 2629
127 2629
134 2629
211 2629
237 2629
293 2629
339 2629
380 2629
418 2629
438 2629
482 2629
549 2629
716 2629
755 2629
771 2629
944 2629
973 2629
980 2629
986 2629
1127 2629
1354 2629
1405 2629
1516 2629
1597 2629
1668 2629
1669 2629
1678 2629
1707 2629
1823 2629
1839 2629
1901 2629
1988 2629
2042 2629
2081 2629
2082 2629
2239 2629
2362 2629
2365 2629
2387 2629
2506 2629
2629 2663
172 2645
256 2645
974 2645
1268 2645
1305 2645
1585 2645
1740 2645
1752 2645
1286 2648
1513 2648
1740 2648
974 2649
1286 2649
1513 2649
1740 2649
2648 2649
800 2651
1740 2651
2634 2651
21 28
21 76
21 126
21 568
21 858
27 28
27 174
28 858
28 31
31 174
31 236
882 916
916 1799
916 2605
24 939
72 939
149 939
939 1061
72 945
100 945
945 1814
945 2051
945 2160
78 963
197 963
421 963
455 963
456 963
508 963
550 963
715 963
718 963
963 1114
963 1208
963 1247
963 1299
963 1433
963 1480
963 1528
963 1589
963 1590
963 1846
963 1962
963 1975
963 1990
963 1997
963 2087
963 2237
963 2335
963 2408
963 2410
963 2587
963 2588
963 2647
963 2699
26 1017
73 1017
122 1017
152 1017
196 1017
235 1017
246 1017
292 1017
295 1017
302 1017
304 1017
310 1017
335 1017
340 1017
357 1017
383 1017
407 1017
419 1017
522 1017
556 1017
581 1017
650 1017
655 1017
656 1017
683 1017
685 1017
716 1017
719 1017
733 1017
734 1017
767 1017
797 1017
869 1017
914 1017
1017 1045
1017 1112
1017 1129
1017 1161
1017 1204
1017 1221
1017 1225
1017 1355
1017 1378
1017 1379
1017 1380
1017 1393
1017 1469
1017 1652
1017 1668
1017 1670
1017 1780
1017 1839
1017 1909
1017 1997
1017 2016
1017 2204
1017 2313
1017 2316
1017 2417
1017 2458
1017 2462
1017 2525
1017 2529
1017 2569
1017 2576
1017 2581
1017 2628
1017 2644
1017 2658
1017 2659
1017 2661
1017 2662
1017 2664
1017 2665
77 1083
147 1083
202 1083
253 1083
291 1083
316 1083
350 1083
388 1083
411 1083
849 1083
1040 1083
1083 1282
1083 1781
1083 1907
1083 1964
1083 1967
99 1154
634 1154
692 1154
702 1154
741 1154
815 1154
1095 1154
1154 1158
1154 1770
1154 1844
1154 2045
1154 2308
1154 2412
1154 2421
1154 2572
1158 1770
319 1162
334 1162
712 1162
1162 1924
1162 2466
1187 1699
307 1197
205 1245
222 1245
970 1261
1261 1596
1262 1593
180 1264
256 1264
1261 1264
1264 1596
823 1265
835 1265
836 1265
1261 1265
69 1267
232 1267
464 1267
1267 1268
6 1268
256 1268
371 1268
818 1268
821 1268
1197 1268
1268 1456
1268 2565
6 1270
800 1270
836 1270
1160 1270
1270 1305
1270 1594
1270 1598
1270 1751
1270 2468
1270 2562
74 1280
206 1280
219 1280
220 1280
977 1280
1104 1280
1280 1639
1280 1913
1280 2429
74 1281
443 1281
641 1281
1281 1761
1281 2371
17 1381
178 1381
289 1381
577 1381
1101 1381
1381 1792
1381 2488
1 1409
48 1409
156 1409
176 1409
206 1409
233 1409
308 1409
360 1409
388 1409
413 1409
493 1409
827 1409
1023 1409
1025 1409
1090 1409
1208 1409
1324 1409
1383 1409
1409 1480
1409 1913
1409 1915
1409 1916
1409 1917
1409 2072
1409 2087
1409 2088
1409 2246
1409 2408
1409 2410
1409 2460
20 1462
51 1462
102 1462
332 1462
345 1462
378 1462
396 1462
766 1462
1148 1462
1176 1462
1275 1462
1462 1543
1462 1629
1462 1689
1462 1886
1462 2086
1462 2160
1462 2334
117 1463
164 1463
195 1463
234 1463
345 1463
435 1463
457 1463
766 1463
1275 1463
1321 1463
1463 1486
1463 1874
1463 1974
320 1464
586 1464
590 1464
646 1464
684 1464
725 1464
756 1464
1369 1464
1389 1464
1464 1515
1464 1772
1464 2056
1464 2423
1464 2425
1464 2426
1464 2495
1464 2706
393 1465
136 1466
276 1466
320 1466
442 1466
586 1466
590 1466
646 1466
672 1466
684 1466
685 1466
1292 1466
1369 1466
1392 1466
1464 1466
1466 1772
1466 1838
1466 2053
1466 2054
1466 2055
1466 2056
1466 2071
1466 2212
1466 2215
1466 2425
1466 2426
1466 2495
1466 2517
1466 2706
198 1470
406 1470
1470 1472
1470 1676
196 1471
198 1471
276 1471
297 1471
365 1471
418 1471
448 1471
686 1471
1127 1471
1436 1471
1470 1471
1471 1472
1471 1676
1471 1890
1471 1980
1471 2082
1471 2707
297 1472
1436 1472
1472 1676
1472 2707
416 1474
933 1474
1474 1774
1474 2454
179 1585
1434 1585
1585 1656
1119 1586
1344 1586
1586 1595
1586 1775
1586 1932
1586 2565
68 1593
69 1593
1338 1593
1593 2565
151 1594
971 1594
1261 1594
1264 1594
1594 1596
68 1596
69 1596
70 1596
1596 2432
34 1605
69 1605
70 1605
787 1605
1261 1605
1605 1891
1605 2526
1605 2527
227 1620
976 1620
977 1620
1507 1620
1620 1938
45 1621
168 1621
488 1621
619 1621
976 1621
977 1621
1034 1621
1132 1621
1588 1621
1601 1621
1621 1622
1621 1817
1621 1938
1621 2002
1621 2256
45 1622
976 1622
1601 1622
1622 1817
1622 1938
1622 2002
1622 2256
1 1627
1149 1627
1395 1627
1627 2335
1627 2596
160 1628
233 1628
397 1628
404 1628
776 1628
829 1628
1211 1628
1502 1628
1628 1692
1628 1809
1628 1915
1628 2340
1628 2347
1628 2370
1628 2419
324 1630
476 1630
516 1630
582 1630
652 1630
676 1630
913 1630
1074 1630
1149 1630
1630 1680
1630 1718
1630 1760
1630 1797
1630 1827
1630 2328
1630 2418
1630 2608
95 1631
298 1631
599 1631
662 1631
1148 1631
1631 2687
662 1632
818 1632
821 1632
1148 1632
1149 1632
2 1635
42 1635
96 1635
141 1635
163 1635
200 1635
211 1635
218 1635
273 1635
461 1635
471 1635
481 1635
522 1635
526 1635
593 1635
594 1635
596 1635
650 1635
656 1635
667 1635
758 1635
775 1635
791 1635
869 1635
876 1635
905 1635
996 1635
1112 1635
1137 1635
1230 1635
1379 1635
1426 1635
1427 1635
1477 1635
1500 1635
1616 1635
1635 1658
1635 1694
1635 1702
1635 1709
1635 1759
1635 1776
1635 1845
1635 1853
1635 1901
1635 1909
1635 1973
1635 2189
1635 2249
1635 2329
1635 2427
1635 2455
1635 2556
1635 2558
1635 2569
1635 2628
1635 2637
1635 2638
1635 2658
1635 2662
1635 2686
40 1636
81 1636
154 1636
155 1636
175 1636
290 1636
322 1636
464 1636
520 1636
641 1636
824 1636
1149 1636
1196 1636
1282 1636
1309 1636
1427 1636
1443 1636
1454 1636
1636 1642
1636 1649
1636 1760
1636 1761
1636 1875
1636 1910
1636 2224
1636 2230
1636 2231
1636 2237
1636 2344
1636 2389
1636 2600
1636 2607
154 1638
443 1638
520 1638
1309 1638
1314 1638
1638 1965
1638 2344
95 1639
298 1639
467 1639
1248 1639
1487 1639
1639 1941
1639 2344
1639 2696
298 1640
1640 2335
467 1641
1149 1641
1639 1641
1641 1642
1641 2142
1642 2687
238 1643
599 1643
1639 1643
1643 1718
1643 1763
1643 2687
93 1644
102 1644
244 1644
285 1644
1580 1644
1589 1644
1590 1644
1624 1644
1644 1689
1644 1721
1644 2585
1644 2686
800 1740
1268 1740
1305 1740
1598 1740
1768 1935
130 1821
312 1821
382 1821
46 1834
243 1834
252 1834
1512 1834
1773 1834
1834 1877
1834 1947
94 1835
95 1835
110 1835
211 1835
217 1835
219 1835
234 1835
275 1835
302 1835
670 1835
671 1835
712 1835
731 1835
732 1835
803 1835
903 1835
911 1835
912 1835
973 1835
1034 1835
1091 1835
1152 1835
1162 1835
1575 1835
1647 1835
1649 1835
1699 1835
1733 1835
1756 1835
1774 1835
1825 1835
1834 1835
1835 1877
1835 2392
1835 2417
1835 2420
1835 2502
1835 2660
107 1836
426 1836
729 1836
732 1836
760 1836
893 1836
1162 1836
1397 1836
1648 1836
1709 1836
1756 1836
1836 1877
1836 2186
1836 2192
1836 2505
1836 2682
75 1860
26 1865
76 1865
285 1865
335 1865
399 1865
522 1865
578 1865
581 1865
941 1865
963 1865
965 1865
994 1865
1037 1865
1038 1865
1152 1865
1225 1865
1253 1865
1516 1865
1517 1865
1564 1865
1715 1865
1865 2165
1865 2167
1865 2174
1865 2175
1865 2177
1865 2178
1865 2179
1865 2204
1865 2210
1865 2529
1865 2697
1134 1873
145 1880
497 1880
1014 1880
1015 1880
1801 1880
1837 1880
1854 1880
1880 2408
1880 2601
1208 1886
1826 1886
1886 1923
1886 2072
23 1897
199 1897
268 1897
828 1897
922 1897
928 1897
1113 1897
1134 1897
1441 1897
1858 1897
1897 2393
1897 2524
1897 2696
1897 2704
77 1907
1914 2537
117 1930
195 1930
396 1930
435 1930
977 1930
1148 1930
411 1932
1506 1932
1932 1933
1932 1934
1932 1964
411 1933
425 1933
548 1933
1481 1933
1506 1933
1743 1933
1933 1934
411 1934
1743 1934
411 1935
1933 1935
1934 1935
64 1938
140 1938
976 1938
1032 1938
1696 1938
1817 1938
1842 1938
1938 2002
1938 2540
794 1958
996 1958
998 1958
999 1958
1047 1958
196 1980
297 1980
365 1980
406 1980
418 1980
448 1980
685 1980
1039 1980
1436 1980
1470 1980
1676 1980
1980 2512
1980 2631
1980 2707
136 1985
515 1985
588 1985
549 1988
911 1988
1354 1988
19 1996
361 1996
1434 1996
1656 1996
1996 2526
237 2082
78 2134
1093 2134
1987 2134
2074 2134
78 2137
156 2137
195 2137
232 2137
307 2137
2137 2389
2137 2596
2137 2600
191 2160
929 2160
1497 2160
1543 2160
1744 2160
671 2161
867 2161
868 2161
2161 2355
2161 2368
162 2165
184 2165
578 2165
1036 2165
1253 2165
2165 2166
2165 2167
2165 2178
2165 2179
1574 2166
480 2167
171 2168
247 2168
285 2168
978 2168
1004 2168
1296 2168
1508 2168
2168 2689
158 2170
311 2170
578 2170
1159 2170
1294 2170
2170 2481
66 2174
141 2174
415 2174
733 2174
1026 2174
1500 2174
1635 2174
1782 2174
415 2175
813 2175
1523 2175
2080 2175
2175 2547
2175 2697
203 2176
899 2176
900 2176
1152 2176
1198 2176
1325 2176
1533 2176
1742 2176
2176 2559
2176 2615
2176 2674
415 2177
57 2178
89 2178
142 2178
158 2178
162 2178
171 2178
184 2178
188 2178
203 2178
226 2178
247 2178
249 2178
252 2178
278 2178
280 2178
284 2178
335 2178
359 2178
363 2178
399 2178
437 2178
451 2178
509 2178
547 2178
551 2178
578 2178
941 2178
950 2178
965 2178
987 2178
1004 2178
1036 2178
1040 2178
1098 2178
1129 2178
1165 2178
1253 2178
1266 2178
1294 2178
1296 2178
1336 2178
1394 2178
1403 2178
1508 2178
1509 2178
1516 2178
1520 2178
1531 2178
1533 2178
1563 2178
1574 2178
1575 2178
1695 2178
1702 2178
1742 2178
1782 2178
1837 2178
1994 2178
2080 2178
2130 2178
2167 2178
2168 2178
2174 2178
2177 2178
2178 2179
2178 2180
2178 2184
2178 2185
2178 2205
2178 2206
2178 2210
2178 2357
2178 2481
2178 2506
2178 2636
142 2179
150 2179
215 2179
327 2179
480 2179
581 2179
795 2179
941 2179
1040 2179
1088 2179
1225 2179
1373 2179
1500 2179
1516 2179
1529 2179
1679 2179
1742 2179
1782 2179
2167 2179
2174 2179
2175 2179
2179 2180
2179 2185
2179 2204
2179 2240
2179 2643
2179 2677
2179 2699
405 2180
2180 2185
285 2182
335 2182
451 2182
1365 2182
2182 2689
2182 2697
1004 2184
2168 2184
2184 2185
1523 2185
1679 2185
2168 2185
56 2190
458 2190
575 2190
2190 2573
316 2216
324 2216
1388 2216
2216 2418
209 2217
388 2217
423 2217
1307 2217
175 2224
332 2224
777 2224
784 2224
807 2224
824 2224
834 2224
1282 2224
1309 2224
1846 2224
1875 2224
2224 2389
476 2227
1057 2227
1282 2227
1708 2227
1966 2227
270 2228
1282 2228
148 2229
260 2229
437 2240
550 2240
1532 2240
88 2244
551 2244
1172 2244
1532 2244
1994 2244
2240 2244
2244 2381
2244 2616
79 2327
886 2340
1185 2340
2026 2340
2088 2340
583 2363
822 2363
1684 2363
1801 2363
1809 2363
1918 2363
1954 2363
2363 2567
2363 2691
148 2370
316 2370
410 2370
1388 2370
2224 2370
2370 2411
2370 2418
2335 2371
250 2372
1688 2372
443 2373
1874 2373
5 2374
341 2374
1688 2374
1699 2374
1997 2374
2016 2374
2146 2374
2372 2374
168 2375
2375 2451
353 2377
468 2377
1116 2377
1565 2377
1576 2377
1614 2377
1733 2377
1758 2377
1849 2377
135 2378
426 2378
515 2378
1565 2378
1733 2378
1758 2378
1920 2378
1921 2378
446 2405
942 2405
952 2405
1831 2405
2405 2406
2405 2539
351 2406
446 2406
661 2406
768 2406
866 2406
1156 2406
1458 2406
1831 2406
2338 2406
120 2407
334 2407
614 2407
712 2407
803 2407
1162 2407
1825 2407
1831 2407
1835 2407
2407 2430
840 2408
1854 2408
883 2410
1211 2410
1310 2410
1582 2410
2410 2419
2410 2647
309 2411
376 2411
1725 2411
2068 2411
2070 2411
1 2415
10 2415
156 2415
323 2415
413 2415
1208 2415
1395 2415
1582 2415
346 2416
1725 2419
219 2429
234 2429
1034 2429
1637 2429
1976 2429
420 2431
711 2435
1080 2435
1325 2435
1465 2435
1989 2435
735 2457
2457 2458
2457 2462
2457 2519
2458 2519
2461 2519
2458 2462
2462 2518
2462 2519
142 2481
181 2481
222 2481
278 2481
359 2481
369 2481
1672 2481
832 2482
2482 2675
432 2500
817 2500
1052 2500
1610 2500
2500 2503
2500 2544
281 2503
632 2503
817 2503
1052 2503
1610 2503
1798 2503
744 2537
1615 2537
41 2546
95 2546
435 2546
1104 2546
1248 2546
1486 2546
1760 2546
210 2560
233 2560
255 2560
519 2560
679 2560
706 2560
820 2560
845 2560
1001 2560
1348 2560
1349 2560
1391 2560
1454 2560
1589 2560
1721 2560
1915 2560
1916 2560
1917 2560
1991 2560
2143 2560
2191 2560
2216 2560
2335 2560
2340 2560
2560 2693
401 2589
685 2589
1466 2589
2509 2589
2512 2589
882 2590
1035 2590
1147 2590
2438 2590
678 2591
882 2591
916 2591
1193 2591
1374 2591
2075 2591
2438 2591
2590 2591
332 2592
938 2592
1176 2592
1713 2592
1974 2592
1176 2593
1713 2593
80 2597
1737 2597
40 2599
80 2599
40 2600
80 2600
7 2601
40 2601
80 2601
130 2601
382 2601
1169 2601
1494 2601
1584 2601
1695 2601
1837 2601
1919 2601
1952 2601
1954 2601
2089 2601
2601 2618
1799 2605
81 2607
840 2607
81 2608
32 2611
559 2611
1771 2611
2154 2611
2307 2611
2536 2611
2611 2615
112 2613
462 2613
796 2613
843 2613
1273 2613
1364 2613
1771 2613
2613 2615
412 2614
841 2614
1771 2614
2154 2614
2301 2614
2309 2614
2614 2615
559 2615
792 2615
1207 2615
1771 2615
2154 2615
93 2621
693 2621
22 2667
22 2668
1897 2668
2667 2668
82 2678
1429 2678
589 2684
2225 2684
403 2685
1663 2685
577 2691
809 2691
1023 2691
1025 2691
1198 2691
828 2692
1548 2692
2327 2692
12 175
12 456
12 762
12 1117
12 1181
12 1309
12 1320
12 1443
12 1636
12 1761
12 1764
12 1910
12 1990
12 2224
12 2230
12 2231
12 2237
12 2442
12 2587
13 17
12 14
14 268
14 925
14 926
14 928
14 946
14 1102
14 1134
14 1423
14 1496
14 1897
14 2364
14 2390
14 2393
14 2668
16 17
16 38
16 202
16 244
16 301
16 414
16 1446
16 1892
16 1986
16 2240
17 2596
38 414
38 1593
39 91
39 455
39 1308
39 1351
39 1803
39 2601
43 83
43 190
43 555
43 582
43 1259
43 1607
43 1608
43 1609
43 1718
43 1840
43 2397
57 244
57 291
57 718
57 820
57 1195
57 1314
57 1589
57 1603
57 1809
57 1884
57 2143
57 2183
57 2600
57 2643
16 58
57 58
58 879
58 1209
58 1287
58 1324
58 1428
58 1837
58 2142
58 2601
58 2699
66 84
66 1380
217 1766
314 569
314 651
314 1252
314 1432
675 700
494 697
673 697
697 829
697 1307
697 1333
697 1692
697 1915
697 1987
697 2074
508 698
700 1319
700 1590
700 1841
700 1856
706 1874
706 2334
706 2540
485 917
918 927
918 1086
190 919
261 919
389 920
920 1873
920 2704
47 922
159 922
352 922
378 922
825 922
919 922
922 929
922 1107
922 1113
922 1340
922 1541
922 1542
922 1543
922 1592
922 1629
922 1826
922 1886
922 1923
922 2334
922 2656
923 1478
182 924
190 924
261 924
647 924
663 924
919 924
924 1747
924 1948
377 925
389 925
925 2390
485 926
918 926
926 927
926 1134
926 1497
926 2671
389 927
927 931
268 928
922 928
928 2070
928 2160
928 2364
928 2524
919 929
9 930
190 930
261 930
919 930
389 931
931 1086
55 933
416 933
785 933
844 933
933 1111
933 1327
933 1774
933 1785
933 2660
566 934
934 1136
934 1138
934 1140
934 1775
934 2051
935 1136
935 2455
15 936
100 936
182 936
647 936
918 936
924 936
926 936
928 936
936 1094
936 1114
936 1136
936 1300
936 1301
936 1497
936 1897
936 2160
936 2327
936 2364
936 2390
648 938
938 1136
938 1405
41 944
944 1637
944 1669
52 950
119 950
125 950
192 950
561 950
950 962
950 1012
950 1364
950 1518
950 1805
950 1998
950 2000
950 2025
950 2036
950 2041
950 2201
950 2242
950 2567
950 2615
446 952
768 952
866 952
952 953
952 2338
952 2406
952 2539
446 953
910 953
953 1458
953 1835
953 2338
953 2405
953 2406
979 2623
365 986
986 1127
987 1165
987 2506
181 988
415 988
988 2506
124 989
989 990
124 990
985 990
124 991
985 991
990 991
991 1159
991 1328
991 1704
991 1800
767 992
985 992
993 1172
1018 1019
1018 1020
1018 2568
328 1019
908 1019
1019 2568
1019 2702
409 1020
328 1021
409 1021
908 1021
1020 1021
1021 1276
1021 1569
1021 2702
184 1026
409 1026
963 1026
1026 1036
238 1028
1028 1736
1028 1737
108 1037
1037 1038
1037 1597
1037 1823
1037 2573
399 1038
1040 1041
483 1042
1042 1296
1044 1686
394 1048
779 1048
782 1048
831 1048
878 1048
1048 1055
1048 1667
1048 1844
1048 2302
1048 2694
1048 2700
85 1049
85 1050
1050 2262
86 1064
97 1064
1064 1065
1064 1067
1064 1671
1064 2463
86 1065
97 1065
387 1065
1065 1067
1065 1671
1065 2463
86 1066
97 1066
387 1066
1065 1066
1066 1067
1066 1671
1066 2463
86 1067
87 1075
316 1075
397 1075
1075 1399
87 1076
146 1076
778 1076
1076 2011
1076 2091
1076 2151
87 1079
1079 1080
87 1080
1080 2091
250 1082
1082 1459
1089 1437
1089 2437
12 1102
100 1102
191 1102
309 1102
822 1102
925 1102
936 1102
1102 1178
1102 1316
1102 1332
1102 1340
1102 1701
1102 1806
1102 2070
1102 2524
1102 2620
1102 2667
1102 2668
1103 1701
949 1109
228 1119
374 1119
787 1119
849 1119
1119 1120
1119 1179
1119 1344
330 1120
374 1120
1115 1123
1123 1230
1123 1588
1123 2451
488 1124
1115 1124
1124 1622
1124 1971
1124 2325
1124 2448
135 1126
604 1126
1115 1126
1126 1227
1126 1228
1126 1230
1126 1588
1126 1621
1126 1622
1126 1971
1126 2256
1092 1135
1135 1138
1135 1140
1135 1775
1135 1828
1135 1950
903 1136
137 1137
564 1138
115 1139
317 1139
482 1139
1139 1140
1139 1489
444 1141
564 1141
938 1141
1140 1141
44 1142
115 1142
137 1142
225 1142
400 1142
444 1142
935 1142
1142 1545
605 1150
615 1150
621 1150
626 1150
954 1150
1150 2261
1150 2262
1150 2265
1150 2273
1150 2274
1150 2294
1150 2295
773 1153
808 1153
1153 2262
178 1164
369 1164
479 1164
1164 1165
1164 1203
1164 1650
1164 2673
789 1165
828 1165
1165 1203
1165 1650
1165 2673
319 1166
1166 1507
1167 1845
88 1172
121 1172
437 1172
550 1172
1159 1172
1172 1530
1172 1651
1172 2381
1172 2616
88 1173
88 1174
397 1181
778 1181
1181 1636
1181 1637
1181 1764
1181 2011
177 1184
1184 2231
1186 1413
147 1201
1202 1420
1205 2598
170 1206
1206 1820
1206 2598
1 1208
1208 2072
816 1209
1208 1209
1209 1886
1212 1556
1212 1978
1212 1979
1148 1213
1213 2609
1214 2464
36 1215
271 1215
893 1215
1168 1215
1214 1215
1215 1651
1215 1679
1215 1849
1215 1947
1215 2348
1215 2464
1215 2541
1215 2656
199 1216
1216 1217
1216 2596
157 1218
271 1218
1218 1311
1219 1311
1219 1946
110 1220
1220 1311
437 1222
1222 1223
1222 2381
1222 2547
795 1224
804 1224
1223 1224
1238 2106
1238 2110
1238 2111
1238 2602
191 1246
837 1246
975 1246
1209 1246
1246 1591
1246 2396
152 1271
295 1271
306 1271
482 1271
523 1271
639 1271
711 1271
716 1271
940 1271
1204 1271
1271 1378
1271 1402
1271 1652
1271 1823
1271 1909
1271 2174
1271 2189
1271 2211
1271 2215
1271 2315
1271 2317
1271 2353
1271 2387
1271 2458
1271 2462
1271 2517
1271 2569
1271 2579
1271 2657
1271 2658
1271 2664
985 1272
1272 1397
1272 1648
1272 1788
1272 2682
1284 1750
1284 2254
1284 2635
1284 1285
1285 2634
1285 2635
1285 2669
1286 2635
1286 2651
208 1287
313 1287
336 1287
344 1287
385 1287
501 1287
584 1287
585 1287
746 1287
772 1287
846 1287
847 1287
848 1287
1068 1287
1287 1586
1287 1595
1287 1775
1287 1932
1287 2019
1287 2020
1287 2021
1287 2635
89 1294
366 1294
89 1295
94 1295
175 1295
89 1296
171 1296
188 1296
247 1296
1296 1394
1296 2433
1296 2481
169 1297
255 1297
379 1297
1297 1298
1297 1299
1297 1388
1297 1754
1297 2216
1298 1299
197 1300
368 1300
430 1300
918 1300
927 1300
931 1300
946 1300
1300 1301
1300 1441
1300 1814
1300 2671
197 1301
430 1301
917 1301
918 1301
927 1301
931 1301
1301 1814
1301 2671
497 1306
1306 1725
498 1310
883 1310
325 1312
338 1312
1312 1313
1312 1560
1312 1566
202 1313
291 1313
325 1313
1313 1560
1313 1566
1313 1964
331 1315
90 1345
187 1345
274 1345
513 1345
1071 1345
1239 1345
1345 1346
1345 1408
1345 1870
1345 2102
1345 2133
90 1346
187 1346
513 1346
1346 2133
172 1347
514 1347
1305 1347
1347 1598
1347 1751
1347 1752
1347 1753
1347 1768
233 1348
1068 1348
1348 1915
1348 1916
1348 1917
1348 2340
39 1349
53 1349
54 1349
91 1349
421 1349
429 1349
457 1349
944 1349
1026 1349
1187 1349
1349 1350
1349 1351
1349 1630
1349 1712
1349 1754
1349 2245
1349 2370
1349 2371
1349 2650
39 1350
91 1350
1350 1351
91 1351
240 1355
1355 1780
1356 1359
1357 1359
244 1358
291 1358
1358 1359
1359 1360
185 1361
410 1361
1361 1529
1366 1367
1366 2487
329 1367
1007 1367
1010 1367
1367 2486
1367 2606
131 1370
257 1370
1370 1788
1370 1806
1370 2042
147 1373
1152 1373
1201 1373
1204 1379
1379 1380
218 1380
1028 1380
1096 1380
1334 1380
1380 2316
1380 2643
1383 1480
11 1391
15 1391
378 1391
673 1391
706 1391
814 1391
820 1391
1229 1391
1349 1391
1391 1485
1391 1486
1391 1801
1391 2334
1391 2464
1391 2571
158 1394
188 1394
1394 2483
251 1401
1089 1401
1401 2640
92 1410
161 1410
811 1410
222 1412
110 1421
127 1421
131 1421
155 1421
165 1421
452 1421
600 1421
619 1421
771 1421
861 1421
947 1421
980 1421
985 1421
1072 1421
1073 1421
1272 1421
1274 1421
1290 1421
1370 1421
1397 1421
1421 1499
1421 1788
1421 2236
1421 2249
1421 2324
1421 2356
1421 2540
1421 2638
1421 2683
105 1422
272 1422
980 1422
1422 1677
1422 1789
1422 2371
775 1426
791 1426
876 1426
1426 1427
1426 1477
1426 2686
1427 1539
1427 1746
211 1437
380 1437
732 1437
851 1437
1081 1437
1290 1437
1437 2365
1437 2629
114 1438
146 1438
440 1438
486 1438
1280 1438
1438 2248
1439 1508
1439 1859
1440 2072
197 1441
229 1441
424 1441
1441 1744
310 1469
1195 1477
1427 1477
1477 1694
1477 2686
1086 1478
1415 1478
159 1479
368 1479
1086 1479
1382 1480
160 1482
332 1482
117 1483
1483 2086
232 1484
1485 1721
1485 2546
246 1490
540 1490
767 1490
1221 1490
767 1491
164 1492
521 1492
1492 1493
1492 2090
1492 2344
155 1493
1493 2517
258 1494
1026 1494
1169 1494
1494 1584
1494 1685
164 1495
715 1495
1493 1495
377 1496
946 1496
1423 1496
368 1497
46 1498
103 1498
480 1498
1498 1501
1498 1512
1498 2394
1498 2395
1498 2396
1498 2508
46 1499
884 1499
1209 1499
1370 1499
1499 1501
1499 1512
1499 2394
1499 2395
1499 2396
1295 1500
1500 1512
1500 1994
1501 1512
41 1505
94 1505
440 1505
455 1505
676 1505
1187 1505
1391 1505
1506 1934
311 1508
509 1508
1508 1646
1294 1509
1509 2170
202 1510
454 1510
335 1511
547 1511
1511 2206
46 1512
366 1512
1512 2394
1512 2396
783 1513
1513 2651
800 1514
181 1516
162 1517
184 1517
969 1517
1036 1517
1517 1587
1517 1749
1517 2022
1517 2025
119 1518
192 1518
1517 1518
1518 1587
1518 2025
1518 2242
59 1519
226 1520
280 1520
551 1520
987 1520
1403 1520
1509 1520
1520 1672
1520 2177
1520 2184
1520 2205
1520 2206
1520 2674
1521 1702
149 1522
471 1522
904 1522
181 1523
1524 1695
516 1527
1500 1527
1527 2183
1527 2184
185 1529
410 1529
1260 1529
1531 2636
1152 1533
1373 1533
813 1534
965 1534
1302 1534
1534 2559
1534 2675
987 1535
1535 2177
802 1536
1098 1536
1536 1672
1536 2529
753 1537
832 1537
983 1537
1537 1717
1537 2482
1537 2677
941 1538
1302 1538
1541 1633
47 1542
1542 1543
922 1544
1107 1544
1108 1544
1552 1983
1552 2062
1552 2132
36 1555
135 1555
1125 1555
1230 1555
1555 1556
1555 1709
1555 2348
1555 2609
1555 2656
466 1556
474 1556
267 1570
439 1570
981 1570
1069 1570
1092 1570
1570 1571
1570 1635
1570 1787
983 1571
983 1572
1572 1576
1572 1707
1572 2378
1106 1573
407 1583
1583 1635
1583 2215
1583 2509
775 1589
791 1589
876 1589
1070 1589
1589 1590
975 1591
164 1599
443 1602
1602 1898
139 1604
1176 1604
555 1607
1607 1608
1607 2397
1608 2397
49 1609
190 1609
452 1609
460 1609
555 1609
562 1609
722 1609
769 1609
774 1609
801 1609
1259 1609
1547 1609
1607 1609
1608 1609
1609 1623
1609 1840
1609 2397
1609 2398
325 1611
762 1611
1080 1611
1298 1611
1560 1611
1566 1611
1611 1765
599 1612
906 1612
1612 1761
1612 1765
589 1613
768 1613
1354 1613
1613 1793
1613 1794
1613 2218
1613 2219
1613 2220
1613 2225
1613 2226
1613 2684
1616 2360
1616 2361
1619 1706
1619 2632
460 1623
560 1623
1259 1623
1623 1624
1259 1624
292 1625
421 1625
855 1625
1283 1625
1616 1625
1625 1681
1625 1691
1625 1864
1625 2371
1625 2400
1633 2186
1633 2656
1089 1634
1170 1634
1634 1766
1634 2238
1634 2239
1634 2574
1162 1647
1647 2420
1648 2683
369 1650
135 1654
426 1654
682 1654
1116 1654
1565 1654
1576 1654
1614 1654
1654 1849
19 1655
1655 1656
231 1657
975 1657
1657 1826
943 1658
1320 1658
1658 1682
403 1663
444 1663
1663 2532
1663 2533
1663 2535
381 1664
1663 1664
1664 2532
1664 2533
1664 2535
96 1665
833 1665
871 1665
1665 1666
1665 2115
1665 2556
96 1666
239 1666
96 1667
702 1667
741 1667
1667 2100
1667 2115
97 1671
387 1671
167 1673
248 1673
305 1673
321 1673
347 1673
441 1673
809 1673
1249 1673
1673 1674
1673 1675
1673 1722
1673 2604
1673 2626
441 1674
1674 2604
1674 2626
441 1675
1674 1675
1675 2626
98 1677
1677 1789
98 1678
20 1682
913 1682
1319 1682
1360 1685
1597 1685
100 1686
159 1686
279 1691
796 1691
843 1691
1071 1691
1317 1691
1345 1691
1402 1691
1457 1691
1691 1864
1691 1905
1691 1925
1691 2382
1155 1693
1693 1694
1693 2139
372 1694
101 1697
337 1697
1697 2254
1697 2669
60 1698
63 1698
205 1698
468 1698
1245 1698
1698 1955
1698 2464
5 1699
42 1699
246 1699
341 1699
534 1699
1221 1699
1699 1783
1699 2145
1699 2146
1699 2200
31 1700
279 1700
1700 1811
1700 1903
1003 1702
1315 1702
769 1707
774 1707
801 1707
123 1709
760 1709
769 1709
774 1709
801 1709
1257 1709
1709 1757
1709 1758
1709 1759
1709 1776
1709 1920
1709 1921
1709 2351
789 1711
1165 1711
1711 2523
41 1712
102 1712
455 1712
944 1712
1485 1712
1637 1712
1690 1712
1699 1712
1712 1882
1712 2051
1712 2245
102 1713
139 1713
332 1713
1487 1713
1713 1974
679 1714
777 1714
784 1714
807 1714
834 1714
1274 1714
1295 1714
1295 1715
516 1718
913 1718
1231 1718
205 1720
978 1720
1237 1720
1720 1734
1720 2084
1720 2085
577 1726
1334 1726
1409 1726
1726 2134
1726 2246
383 1727
1448 1727
123 1732
1576 1733
205 1734
468 1734
789 1734
1565 1734
1734 2523
59 1739
541 1739
563 1739
856 1739
896 1739
1739 2093
1739 2094
1739 2098
1739 2130
1739 2150
1739 2157
103 1742
620 1745
622 1745
1033 1745
1097 1745
1745 2257
1745 2294
150 1747
722 1747
1747 1923
1747 1948
1747 2334
1747 2547
104 1748
172 1750
336 1750
772 1750
1598 1751
172 1752
241 1752
514 1753
1752 1753
175 1761
1761 2609
146 1762
527 1762
528 1762
529 1762
885 1762
886 1762
887 1762
1263 1762
1502 1762
1636 1762
1762 1879
1762 1910
1762 1975
1762 2090
1762 2091
1762 2514
1680 1763
1718 1763
1763 1764
1763 1966
154 1764
652 1764
1636 1764
1764 2224
599 1765
906 1765
1761 1765
1766 1767
1766 2351
1766 2353
1767 2351
1767 2352
453 1779
872 1779
874 1779
875 1779
1088 1779
1132 1779
1227 1779
1406 1779
1566 1779
1621 1779
1779 1943
1779 1968
1779 1971
1779 1995
1779 2325
1779 2446
1779 2448
1779 2451
105 1788
272 1788
105 1789
898 1790
898 1791
1026 1791
106 1792
667 1792
777 1792
784 1792
807 1792
834 1792
1550 1792
1792 1910
1792 2356
1793 1794
1794 2226
1794 2610
429 1795
455 1795
652 1795
1057 1795
1074 1795
1795 1827
1795 2328
107 1802
203 1803
283 1803
968 1803
1806 2652
27 1810
236 1810
1063 1810
1200 1810
1239 1810
1241 1810
1273 1810
1810 1847
1810 2027
1810 2122
1810 2157
340 1813
367 1813
770 1813
1670 1813
1340 1814
1478 1815
1415 1816
1478 1816
1815 1816
1816 2070
1816 2704
108 1823
108 1824
343 1824
611 1832
724 1833
1096 1833
1137 1833
1838 1890
1838 2707
555 1840
1608 1840
1840 2397
160 1841
1304 1841
1841 1899
109 1843
507 1844
539 1847
969 1847
1353 1847
1749 1847
1847 2027
1317 1848
1431 1848
1848 2149
618 1855
1486 1855
595 1857
1247 1857
1689 1857
1857 1858
1857 2696
132 1858
157 1858
664 1858
1247 1858
1248 1858
1487 1858
1858 2696
142 1859
912 1859
111 1861
167 1861
321 1861
347 1861
1675 1861
1861 2604
112 1863
462 1863
27 1864
31 1864
649 1864
1063 1864
1241 1864
1402 1864
1864 1925
1864 2382
1864 2695
788 1871
1871 2412
816 1876
1876 2072
1485 1877
132 1878
53 1881
54 1881
139 1881
379 1881
404 1881
776 1881
1030 1881
1584 1881
1727 1881
1754 1881
1881 1885
1881 1951
1882 2051
830 1883
1883 2051
53 1885
379 1885
1187 1885
1754 1885
255 1889
819 1889
1388 1889
1859 1889
1889 2216
1743 1892
465 1893
1893 1894
1893 1895
459 1896
998 1901
1354 1901
998 1902
1901 1902
112 1904
462 1904
112 1905
1905 2130
112 1906
412 1908
710 1908
1777 1908
1818 1908
265 1909
1335 1909
1909 2215
1909 2462
1642 1910
1910 2344
1911 1912
1639 1913
1874 1913
156 1915
1915 1916
1915 1917
497 1916
1916 1917
993 1920
1757 1920
1920 1921
1920 2384
993 1921
1757 1921
1776 1921
937 1922
1082 1922
1554 1922
1924 2186
113 1936
486 1937
1440 1937
1942 2479
1406 1943
707 1944
874 1944
1406 1944
1779 1944
1943 1944
1406 1945
1943 1945
182 1948
936 1948
1924 1948
382 1952
1360 1952
1494 1952
1685 1952
312 1953
1360 1953
1952 1953
1953 1954
130 1954
1169 1954
1919 1954
1079 1956
116 1959
1959 1961
116 1960
263 1960
1959 1960
116 1961
1577 1973
1766 1973
1850 1973
117 1974
322 1975
641 1976
840 1976
350 1981
1981 2011
59 1982
510 1982
512 1982
740 1982
895 1982
896 1982
1173 1982
1519 1982
1982 2058
1982 2059
1982 2060
1982 2063
1982 2097
1982 2127
538 1983
851 1983
1053 1983
1408 1983
1868 1983
1869 1983
1983 2063
1983 2116
1983 2118
1983 2138
1983 2342
354 1984
539 1984
1984 2063
1984 2066
1984 2117
1984 2124
1984 2138
1984 2194
1986 1996
118 1989
519 1991
313 1992
1308 1992
1964 1992
1308 1993
1994 2616
119 1998
192 1998
962 1998
1998 1999
1998 2000
1998 2242
1998 2567
119 1999
192 1999
561 1999
962 1999
1012 1999
1999 2000
1999 2201
1999 2231
1999 2242
1999 2412
119 2000
125 2000
962 2000
2000 2242
350 2011
384 2011
778 2011
1398 2011
1708 2011
1517 2024
1587 2024
2024 2025
533 2025
1224 2025
1587 2025
1805 2025
559 2028
677 2028
792 2028
856 2028
1530 2028
2028 2093
2028 2094
2028 2098
2028 2130
2028 2150
2028 2307
2051 2441
881 2052
1384 2052
376 2068
2068 2070
2069 2411
309 2070
376 2070
979 2075
1035 2075
2075 2623
299 2077
2077 2603
2078 2603
1070 2079
2079 2603
1198 2080
287 2081
1416 2081
505 2083
506 2083
1154 2083
1665 2083
2047 2083
2083 2412
435 2086
20 2136
946 2136
1332 2136
1423 2136
2136 2160
2138 2688
775 2140
791 2140
876 2140
1195 2140
1426 2140
1477 2140
1589 2140
2140 2686
1783 2144
2144 2145
1783 2145
1783 2146
2151 2230
174 2157
563 2157
841 2157
1530 2157
2157 2695
2158 2695
126 2162
166 2164
1324 2164
2164 2653
2186 2656
645 2187
1269 2187
1425 2187
2103 2187
2187 2323
2188 2189
183 2191
189 2192
1802 2192
1568 2193
1408 2194
1049 2198
1606 2198
962 2201
1941 2231
2231 2566
2231 2688
127 2236
128 2241
423 2241
465 2241
238 2243
2243 2675
1074 2245
1737 2245
2245 2415
2245 2416
360 2246
1023 2246
1025 2246
1028 2246
2246 2416
772 2254
1750 2254
2254 2468
2254 2634
2254 2669
377 2263
1423 2263
129 2283
1101 2289
1726 2289
2243 2289
473 2319
1007 2319
1957 2319
2319 2486
230 2320
362 2320
1007 2320
1010 2320
1058 2320
1367 2320
2319 2320
2320 2449
2320 2486
2320 2606
131 2324
861 2324
1370 2324
132 2334
378 2334
1592 2334
1923 2334
132 2335
264 2335
567 2341
1053 2341
1983 2341
2116 2341
2341 2342
450 2342
2342 2688
1053 2343
2116 2343
2118 2343
2342 2343
2344 2607
1716 2345
2345 2607
723 2346
745 2346
2029 2346
2346 2414
2346 2422
133 2347
1951 2347
79 2348
133 2348
812 2348
1940 2349
2349 2557
2350 2557
355 2353
785 2353
844 2353
1756 2353
1767 2353
2360 2361
134 2362
231 2364
722 2364
924 2364
1134 2364
1163 2364
1747 2364
1948 2364
491 2367
492 2367
2015 2367
313 2369
1993 2369
1895 2376
136 2379
515 2379
588 2379
2071 2379
1371 2409
1800 2409
2409 2589
1303 2412
2412 2413
1303 2413
671 2417
139 2428
164 2428
180 2433
2432 2433
180 2434
203 2434
968 2434
2432 2434
2433 2434
1500 2436
1715 2436
566 2440
2099 2440
2111 2440
141 2444
773 2452
808 2452
1397 2453
2453 2682
714 2454
373 2455
142 2456
2459 2622
498 2460
2410 2460
2460 2647
2460 2672
1067 2463
205 2464
893 2464
707 2465
709 2465
1236 2465
1957 2465
1968 2465
1995 2465
2325 2465
2447 2465
2449 2465
2450 2465
143 2467
1529 2467
143 2468
151 2468
823 2468
835 2468
836 2468
263 2474
1960 2474
167 2484
347 2484
1673 2484
1675 2484
1722 2484
2484 2604
1007 2486
1007 2487
17 2488
289 2488
408 2489
600 2489
601 2489
144 2490
144 2491
144 2492
2490 2492
2491 2492
173 2493
514 2493
1752 2493
1753 2493
1768 2493
145 2494
156 2494
1348 2494
1809 2494
29 2499
431 2499
1052 2499
226 2508
2394 2508
1328 2510
1328 2511
276 2512
401 2512
1039 2512
2512 2631
146 2513
525 2513
529 2513
840 2513
2088 2513
2091 2513
146 2514
529 2514
2091 2514
163 2515
326 2515
745 2521
2521 2522
50 2523
571 2523
789 2523
828 2523
1116 2523
1565 2523
2084 2523
2085 2523
2524 2667
570 2525
655 2525
1195 2525
1438 2525
1560 2525
1566 2525
1819 2525
2163 2525
2525 2629
1891 2526
1891 2527
403 2530
2040 2531
2472 2531
2531 2685
2531 2533
2533 2535
2533 2685
403 2534
1663 2534
2534 2535
403 2535
2531 2535
2532 2535
2535 2685
2337 2539
2339 2539
433 2540
640 2540
830 2540
1619 2540
1703 2540
2540 2541
2540 2632
640 2541
1610 2543
2500 2543
2543 2544
432 2544
1610 2544
1018 2545
1019 2545
1020 2545
150 2547
2547 2616
2551 2552
2556 2557
2556 2558
151 2562
1594 2562
6 2563
151 2563
1594 2563
394 2564
469 2564
500 2564
503 2564
552 2564
566 2564
779 2564
782 2564
831 2564
857 2564
878 2564
1445 2564
1488 2564
1579 2564
1687 2564
1949 2564
2032 2564
2044 2564
2155 2564
2440 2564
2551 2564
2564 2572
2564 2701
1338 2565
1356 2565
1357 2565
2566 2672
1999 2567
2000 2567
2201 2567
1569 2568
152 2569
152 2570
355 2570
587 2570
2352 2570
153 2571
160 2571
153 2572
690 2572
1207 2572
1454 2572
1804 2572
1939 2572
2572 2701
1373 2576
1575 2576
2038 2576
1575 2583
2207 2583
300 2584
487 2584
545 2584
782 2584
831 2584
857 2584
878 2584
1095 2584
2001 2584
2035 2584
2044 2584
2048 2584
2100 2584
2247 2584
2341 2584
2382 2584
404 2586
776 2586
404 2587
776 2587
2327 2588
2494 2588
2560 2588
2588 2601
2588 2699
159 2594
696 2595
795 2595
804 2595
1224 2595
296 2598
2110 2602
518 2603
1557 2603
1558 2603
1559 2603
2542 2603
1675 2604
230 2606
839 2606
1058 2606
7 2617
33 2617
2089 2618
161 2619
811 2619
1027 2619
2320 2619
264 2620
333 2620
664 2620
780 2620
1390 2620
1531 2620
1857 2620
1858 2620
2349 2620
2371 2620
2620 2636
2620 2696
50 2624
571 2624
441 2626
291 2628
1037 2628
1668 2628
1973 2630
1706 2632
1284 2634
241 2635
336 2635
337 2635
280 2636
165 2638
599 2639
1169 2639
1765 2639
1415 2641
2641 2704
483 2642
805 2644
910 2644
1062 2644
1525 2644
1526 2644
1178 2646
2419 2647
254 2650
444 2650
166 2653
1053 2654
2102 2654
2115 2654
2116 2654
2118 2654
2194 2654
76 2655
543 2655
851 2655
892 2655
2124 2655
2194 2655
241 2669
337 2669
241 2670
1814 2671
2675 2677
2674 2676
832 2679
2482 2679
2677 2679
2674 2680
185 2681
1529 2681
2681 2705
1648 2682
2120 2689
2124 2690
2689 2690
1319 2693
1643 2693
1763 2693
4 2694
779 2694
857 2694
1667 2694
2694 2700
1667 2698
2100 2698
779 2700
2039 2700
2053 2706
2054 2706
2056 2706
2055 2708
2 1255
2 1853
2 2400
3 173
4 412
4 710
5 2145
6 7
6 2135
8 9
9 261
9 753
9 1530
10 176
11 176
11 15
15 814
15 1090
15 2415
18 1940
23 2667
24 1061
24 25
25 1061
29 864
30 304
30 383
30 540
30 1490
30 1491
32 286
32 500
32 511
32 567
32 842
32 1414
32 1869
32 1983
32 2040
33 34
33 179
34 179
35 179
35 2332
36 958
37 958
37 961
44 1255
44 1489
44 1553
45 1255
45 1256
46 252
50 65
50 571
51 396
53 54
53 1754
55 186
55 416
59 187
59 512
59 842
59 852
59 2058
59 2059
59 2060
59 2065
60 61
60 65
60 1125
60 1600
61 65
60 62
61 62
62 468
62 694
62 2348
60 63
63 1125
63 1600
63 2386
64 1032
67 779
67 1549
68 69
68 70
69 70
342 2617
358 391
377 1423
313 422
429 455
455 652
455 1057
455 1074
455 2328
410 499
762 2609
763 2243
463 764
193 765
884 975
885 887
885 1502
886 887
886 1263
886 2026
886 2514
194 888
234 889
889 1438
889 1642
510 890
512 890
890 892
890 1414
890 2058
890 2060
891 892
891 1414
892 1414
893 1679
895 1519
895 896
318 897
897 1750
897 2634
897 2669
899 900
899 1365
900 1365
901 903
902 903
200 905
434 905
221 907
328 907
907 2702
908 1276
908 2702
293 909
910 1062
910 1526
759 914
224 915
759 915
781 921
937 1051
937 1082
639 940
648 940
877 940
940 1378
940 1823
940 1853
940 2315
940 2317
941 2168
941 2184
941 2185
942 1156
943 1951
197 946
946 1441
198 947
395 948
454 948
478 948
479 948
948 1235
620 954
954 1153
201 955
201 956
955 956
37 957
958 2353
37 959
959 961
959 2293
37 960
957 960
961 2273
961 2293
961 2295
202 962
962 1805
962 2036
303 964
964 1407
966 967
203 968
969 1749
204 970
427 970
970 971
204 971
427 971
972 2627
980 1789
981 1092
981 1325
982 1325
983 1800
984 1800
985 1800
994 1862
994 1905
994 2109
995 2422
225 996
996 999
996 1047
44 997
400 997
44 998
400 998
998 999
794 999
794 1000
999 1000
519 1001
845 1001
1001 1991
207 1002
1003 1900
278 1004
284 1004
359 1004
300 1005
1005 1143
1005 1852
260 1006
1006 1852
1006 1928
1006 2551
1007 1010
329 1008
1008 1010
1009 1366
362 1010
1010 1058
1011 1366
125 1012
1012 1805
1012 2036
686 1013
721 1013
914 1013
1013 1392
1013 2589
1014 2408
1014 1015
1015 1854
1015 2408
209 1016
1022 1373
1023 1684
1023 1024
1024 1684
1023 1025
1027 1367
1027 2320
210 1029
370 1029
818 1029
821 1029
210 1030
1030 1727
1030 2586
17 1031
289 1031
967 1031
1031 1381
1031 2488
319 1032
1032 1166
227 1033
622 1033
623 1033
862 1033
1033 2256
1033 2632
979 1035
211 1043
212 1045
240 1045
1046 2596
225 1051
631 1051
997 1051
1051 2633
431 1052
279 1053
1053 1926
394 1054
1054 1691
1054 1784
1054 2038
1054 2153
1054 2440
1054 2531
394 1055
1056 1789
1057 1827
230 1058
362 1058
577 1059
1059 1101
1059 1333
1059 1585
1059 2572
271 1060
1062 1526
642 1063
1068 2231
1069 1341
1069 1635
299 1070
274 1071
535 1071
541 1071
730 1071
1071 2131
972 1072
1072 2249
272 1073
667 1073
1073 1788
1057 1074
1074 1827
1074 2328
1077 1567
1077 2318
832 1078
1078 2482
1078 2677
214 1081
668 1081
1081 2238
215 1084
541 1084
216 1085
598 1085
447 1087
1088 2084
323 1090
417 1091
72 1093
753 1094
1093 1094
1094 2703
1095 2076
1095 2100
218 1096
613 1097
1097 1842
1097 2003
1097 2004
1097 2006
1097 2007
1097 2008
1097 2010
1097 2287
280 1098
262 1099
699 1099
1099 1100
262 1100
699 1100
435 1104
594 1104
596 1104
597 1104
689 1104
977 1104
1105 1778
1105 2597
1107 1108
1108 1113
222 1110
785 1111
844 1111
1111 1756
1111 1773
364 1112
1113 1340
1114 2327
1116 1849
496 1118
793 1121
1121 1122
1121 1404
793 1122
1122 1404
1125 1600
1125 2384
524 1128
1128 2513
854 1129
223 1130
1130 1131
1130 2475
223 1131
717 1131
1131 2478
906 1132
1132 1765
1132 1947
1132 1978
1132 1979
224 1133
1143 1852
396 1144
228 1145
374 1145
229 1146
424 1146
1146 1441
443 1149
1151 2595
661 1156
866 1156
661 1157
866 1157
1160 2333
231 1163
723 1163
748 1163
1163 2555
893 1168
1170 1580
1170 2239
1170 1171
1171 2239
412 1175
691 1175
1175 2382
1176 1974
44 1177
400 1177
1177 2403
1177 2498
499 1179
849 1179
1179 1344
1180 1934
236 1182
236 1183
1183 2076
1 1185
886 1185
1185 1263
1185 2026
1185 2514
239 1188
1188 2413
239 1189
240 1190
481 1190
1045 1190
431 1191
799 1191
1052 1191
1191 1820
1052 1192
651 1193
242 1194
1195 1196
402 1196
1196 1746
1199 1273
643 1200
1200 1273
1200 2322
1203 2673
1161 1204
1204 1652
245 1210
360 1211
497 1211
1211 1725
246 1221
1225 2204
810 1226
1226 1237
1226 1601
1226 1720
1226 2624
874 1227
1227 1228
1227 1968
1227 2449
709 1228
453 1229
571 1231
694 1231
1232 2384
1233 1995
1233 2447
1233 2449
1088 1234
558 1235
708 1236
1236 2450
558 1237
571 1237
1237 2384
1237 2386
307 1240
1239 1240
1240 1276
1063 1241
1200 1241
1242 1243
1243 2437
1248 1487
248 1249
305 1249
569 1250
651 1250
1250 1252
1250 2159
569 1251
651 1251
1250 1251
1251 1252
1251 2159
569 1252
249 1253
1253 2166
250 1254
250 1255
1255 1256
250 1256
482 1257
1257 1759
526 1258
560 1258
880 1258
951 1258
1258 1329
1258 1623
1258 2018
460 1259
560 1259
1259 1329
1260 1419
1263 2026
252 1266
534 1269
1238 1269
1269 1731
1269 2106
1269 2382
462 1273
724 1274
1274 1819
1239 1276
283 1277
577 1277
800 1277
1277 1585
1277 2612
836 1278
1278 2468
1279 1875
1283 2270
325 1288
1288 1850
1289 1850
353 1290
444 1290
867 1290
868 1290
1069 1290
1290 1405
1290 1790
1290 2268
1290 2357
339 1291
685 1292
1292 2055
1292 2708
275 1293
579 1293
580 1293
1293 2207
1293 2208
1293 2209
1293 2550
1293 2666
1304 1899
313 1308
257 1316
354 1317
502 1317
565 1317
1277 1317
1317 1488
1317 1739
1317 2027
1317 2037
1317 2132
1317 2138
1317 2551
1317 2612
563 1318
1317 1318
1318 1488
1318 1687
1318 2109
1318 2149
259 1322
259 1323
441 1326
1326 1674
1275 1327
1329 1624
356 1330
1330 1659
356 1331
1331 1659
1331 2441
264 1332
1101 1333
265 1335
790 1336
1004 1336
1338 1357
266 1339
931 1340
267 1341
496 1341
1341 1420
1341 2023
337 1342
507 1343
849 1344
273 1352
436 1352
307 1353
532 1353
539 1353
1353 2107
1353 2689
326 1354
1362 1363
590 1368
672 1368
684 1368
695 1368
756 1368
1292 1368
1368 1369
1368 1389
1368 1464
1368 2054
1368 2055
1368 2423
1368 2424
1368 2425
1368 2426
1368 2495
1368 2575
1368 2708
646 1369
672 1369
725 1369
1369 2495
826 1371
854 1371
1069 1371
469 1372
500 1372
1374 1432
678 1375
1374 1375
1375 1432
277 1376
932 1377
1377 2213
1384 1385
1385 1386
1385 2404
881 1386
1384 1386
1386 2052
1386 2404
881 1387
1384 1387
1385 1387
1386 1387
1387 2052
401 1392
1393 1466
497 1395
464 1396
1397 2682
1398 1708
668 1400
670 1400
732 1400
867 1400
868 1400
1400 1825
1400 1853
1400 2365
1400 2368
1400 2417
279 1402
1402 1925
1402 2323
280 1403
793 1404
282 1405
1408 1869
438 1411
286 1414
287 1416
288 1417
428 1417
1417 2093
1417 2124
288 1418
1419 2381
496 1420
1420 2023
290 1424
76 1425
1269 1425
1428 2142
1370 1430
564 1431
59 1433
1433 1846
1434 1656
721 1435
759 1435
914 1435
297 1436
1155 1442
300 1444
300 1445
598 1445
301 1446
302 1447
304 1448
70 1449
350 1449
306 1450
306 1451
306 1452
749 1452
1452 2586
598 1453
1085 1453
307 1454
308 1455
371 1455
1455 1456
308 1456
796 1457
843 1457
351 1458
1458 2338
825 1459
914 1460
1460 1553
1460 1660
1461 2595
1467 2494
826 1468
1468 2409
1291 1475
1475 2236
315 1476
809 1476
317 1489
1503 2200
1503 2575
1504 2200
319 1507
320 1515
805 1525
806 1525
910 1525
1525 1681
1526 2660
321 1528
1539 1540
644 1546
1182 1546
454 1549
591 1549
592 1549
1549 1804
1549 1927
1549 2232
1549 2233
1549 2234
1549 2235
1549 2309
447 1551
1553 2403
1554 2403
1557 1558
1557 2542
518 1558
838 1558
1558 2542
518 1559
838 1559
1558 1559
1559 2542
325 1560
1561 1901
1562 2064
1563 1564
468 1565
1567 2318
688 1577
1572 1577
1577 1776
1577 2378
798 1578
612 1579
1579 1661
1579 1770
1579 2264
1539 1580
1580 2437
634 1581
1473 1581
432 1610
744 1615
752 1615
810 1617
346 1618
348 1626
349 1629
442 1645
1379 1652
1653 1890
1653 2707
356 1659
357 1660
1553 1660
1661 2264
68 1662
1669 2640
1669 2660
1670 2484
363 1672
1672 2381
1680 1965
805 1681
1251 1683
1256 1688
375 1696
1703 1706
1704 1706
1705 1706
1705 2540
379 1710
1717 2482
386 1719
1719 2485
1590 1721
809 1722
1723 1786
755 1724
1724 2248
1724 2640
390 1728
391 1729
392 1730
560 1731
1735 2369
1738 2148
398 1741
1481 1743
402 1746
54 1754
649 1755
586 1772
1773 1774
1774 2391
713 1775
855 1775
412 1777
710 1777
413 1778
415 1782
416 1785
1785 2353
981 1787
870 1796
817 1798
1433 1804
430 1807
964 1808
1729 1812
710 1818
1820 1902
42 1822
648 1822
749 1822
1822 2187
964 1828
138 1829
666 1830
1830 2354
1831 2339
1842 2291
862 1845
1845 2406
1614 1849
1576 1851
445 1854
449 1866
450 1867
450 1868
450 1869
450 1870
1870 2106
1887 2348
536 1888
892 1888
535 1903
1903 2131
635 1926
833 1926
865 1926
635 1927
833 1927
865 1927
1927 2050
1927 2301
1927 2302
1927 2305
1927 2308
1927 2309
833 1928
1666 1928
1928 2303
465 1941
470 1949
1949 2031
1949 2044
1949 2538
472 1955
473 1957
475 1962
476 1963
1963 1964
1963 1965
1964 1967
476 1965
476 1966
477 1967
1957 1968
681 1969
1969 2385
482 1970
759 1970
1971 2451
872 1972
1971 1972
1972 2325
1972 2448
484 1977
1978 1979
1987 2074
1995 2325
1995 2448
1997 2016
1997 2632
2002 2256
2004 2005
2004 2300
613 2006
2004 2007
2005 2007
2007 2008
2007 2009
2008 2009
2003 2010
489 2012
2004 2012
2012 2015
490 2013
2012 2013
2013 2015
491 2014
623 2014
2014 2015
492 2015
493 2017
2017 2164
560 2018
1623 2018
1586 2020
2020 2021
1586 2021
495 2022
496 2023
565 2027
841 2027
2029 2414
562 2030
723 2030
750 2030
1163 2030
2030 2555
2031 2044
2031 2538
2033 2129
2034 2046
2034 2550
896 2037
2037 2066
2037 2112
2037 2128
2037 2152
2037 2153
2037 2341
2037 2655
653 2038
749 2038
567 2040
535 2041
2041 2131
857 2042
2042 2128
565 2043
1545 2043
2027 2043
503 2044
2045 2046
504 2046
506 2047
657 2049
507 2050
2053 2056
2054 2056
672 2055
1389 2055
2055 2425
2055 2426
2055 2706
2053 2057
2054 2057
510 2059
512 2059
852 2059
853 2059
2058 2059
2059 2060
510 2061
842 2061
2060 2061
530 2062
537 2062
2058 2064
2064 2107
2064 2113
2064 2114
2059 2065
530 2066
537 2066
1417 2066
2066 2117
2066 2124
511 2067
515 2071
588 2071
517 2072
517 2073
2084 2085
525 2087
2087 2088
525 2088
529 2090
529 2091
2092 2093
2092 2094
2093 2094
530 2095
537 2095
2095 2102
530 2096
537 2096
532 2097
536 2098
2100 2108
542 2101
2101 2117
2101 2118
2103 2107
2104 2128
2105 2106
740 2107
2106 2107
2111 2602
538 2112
2113 2114
542 2118
850 2118
850 2119
2118 2119
542 2121
565 2122
2122 2323
544 2123
546 2125
852 2126
853 2126
552 2141
553 2141
554 2141
557 2147
563 2149
2152 2153
2152 2440
2153 2440
566 2155
647 2155
859 2156
651 2159
570 2163
2169 2404
572 2172
573 2173
574 2181
576 2195
860 2195
2195 2196
2195 2197
576 2196
2196 2197
860 2197
1039 2199
2199 2631
2200 2631
2202 2203
581 2204
2205 2206
2207 2208
2207 2666
578 2210
2208 2211
586 2212
587 2213
1776 2214
2214 2215
2218 2610
1793 2219
2221 2222
589 2223
1613 2223
1794 2223
2218 2223
2219 2223
1794 2225
2225 2226
2225 2610
593 2226
2232 2235
2233 2235
591 2234
1445 2247
600 2248
601 2248
601 2249
2249 2358
2249 2359
602 2250
603 2251
617 2251
1150 2251
2252 2287
605 2253
615 2253
2253 2273
2253 2274
2253 2278
2253 2295
606 2255
2255 2280
2253 2257
607 2258
615 2258
624 2258
626 2258
630 2258
2255 2258
2258 2266
2258 2267
2258 2286
2258 2292
2258 2295
2258 2297
2258 2298
608 2259
2259 2260
608 2260
609 2261
610 2262
612 2264
615 2265
616 2265
625 2265
626 2265
629 2265
630 2265
961 2265
2258 2265
2265 2266
2265 2267
2265 2273
2265 2279
2265 2282
2265 2293
2265 2295
626 2266
629 2266
961 2266
1150 2266
2266 2273
862 2269
2268 2269
2270 2272
2270 2271
615 2273
2275 2285
2276 2285
616 2277
2277 2282
617 2278
2274 2278
617 2279
627 2279
2279 2280
2279 2281
627 2281
2280 2281
624 2282
625 2282
629 2282
2267 2282
2282 2293
621 2284
2284 2285
863 2285
624 2286
2286 2297
2286 2298
622 2287
622 2288
2287 2288
2285 2290
2291 2293
624 2292
2281 2292
2295 2407
2296 2407
2297 2298
628 2299
635 2301
865 2301
2301 2305
633 2304
634 2304
677 2304
2304 2305
633 2305
2305 2308
865 2306
2050 2309
638 2310
2310 2311
637 2311
638 2311
2311 2312
637 2312
2310 2312
2022 2313
636 2314
639 2315
639 2316
940 2316
639 2317
642 2321
645 2321
643 2322
708 2325
1236 2325
701 2326
652 2328
654 2329
2329 2330
654 2330
658 2331
659 2332
35 2333
660 2336
446 2338
665 2354
667 2355
669 2355
671 2355
867 2355
868 2355
669 2356
2161 2357
669 2358
867 2358
868 2358
2161 2358
2358 2359
669 2359
671 2359
2161 2359
674 2365
674 2366
2365 2366
674 2368
680 2380
680 2383
2380 2383
2384 2386
2385 2386
2387 2388
1773 2391
1774 2392
2391 2392
1489 2399
687 2401
688 2402
2414 2422
695 2424
1389 2425
2423 2425
2425 2426
703 2438
704 2439
705 2443
1236 2445
874 2446
875 2446
1228 2446
2446 2447
2446 2449
1995 2447
2447 2450
873 2448
874 2448
1227 2448
2445 2448
877 2466
714 2469
2469 2657
711 2470
713 2471
2472 2473
720 2476
1131 2476
1719 2477
2477 2485
2478 2665
724 2480
759 2480
761 2480
725 2495
726 2496
738 2497
739 2497
2497 2498
2497 2501
2497 2502
2497 2520
2498 2501
2498 2520
2501 2520
727 2504
731 2505
728 2507
735 2507
736 2507
735 2516
736 2516
735 2517
736 2517
737 2517
735 2518
736 2518
737 2518
2516 2518
738 2520
742 2528
2032 2538
747 2548
1293 2549
2553 2554
751 2561
757 2575
1271 2577
2577 2579
2577 2582
1271 2578
2577 2578
2578 2579
2578 2582
2579 2582
758 2580
2580 2582
883 2672
