3528 2591
1 604
718 2568
403 718
718 1494
1191 1416
1416 1942
1416 1977
1416 2067
645 2136
1875 2136
1487 2243
400 2308
656 2308
1014 2308
1987 2308
2125 2308
66 2240
66 2572
217 1508
93 282
282 534
282 636
282 1008
435 973
435 1588
719 2238
719 2462
719 740
719 1818
791 1157
54 791
737 791
791 968
791 1100
791 1188
791 1322
791 1633
791 1717
935 2439
935 1020
970 1003
854 1137
1208 2327
1271 2238
54 1271
642 1271
1271 1353
1271 1390
1271 1818
484 1341
705 1341
1417 2204
1417 2212
222 1417
594 1417
1174 1417
1856 2382
520 1856
446 1930
1866 1930
105 1997
1997 2287
148 1997
337 1997
754 2071
619 2137
277 2185
1880 2185
1327 2199
1763 2199
399 2199
694 2199
841 2219
407 2227
2064 2227
1298 2253
267 2258
826 2258
1971 2265
2265 2368
997 2265
1578 2265
1585 2281
1644 2288
2293 2355
1753 2293
298 2301
658 2301
2147 2314
2314 2333
2326 2344
2220 2356
113 2356
400 2356
849 2356
851 2356
922 2356
1251 2356
1436 2356
1755 2356
1892 2356
2090 2356
2363 2541
349 2363
916 2374
1132 2382
1914 2382
2267 2382
2299 2382
2360 2382
2382 2523
63 2382
75 2382
194 2382
375 2382
520 2382
530 2382
872 2382
1054 2382
1720 2382
1893 2382
1895 2382
1896 2382
1916 2382
2093 2382
2142 2382
1631 2391
616 2399
1028 2421
1019 2429
616 2436
720 2436
2107 2436
2224 2436
2304 2436
2319 2436
2413 2436
2436 2534
2436 2539
2436 2554
7 2436
252 2436
488 2436
515 2436
576 2436
891 2436
898 2436
977 2436
1053 2436
1231 2436
1380 2436
1382 2436
1615 2436
1776 2436
2443 2459
1356 2459
236 2459
592 2459
1821 2468
335 2478
1902 2483
1605 2499
1942 2499
1864 2507
65 2507
456 2507
499 2507
1586 2507
2250 2514
790 2521
1207 2521
499 2528
746 2528
965 2528
499 2540
1040 2540
1123 2540
1627 2547
1939 2547
1270 2555
2462 2559
407 2559
654 2559
1455 2559
1900 2559
403 2568
1494 2568
1565 2568
654 2577
784 2585
1221 2585
2 1706
2 2048
19 354
19 600
19 1078
19 1142
19 1674
46 481
46 605
46 733
52 950
43 67
67 441
105 148
105 337
111 1998
111 2098
127 1810
134 2101
140 151
165 612
165 1724
193 1946
203 1375
203 1676
210 1433
251 271
251 2587
20 251
258 2450
170 258
258 1305
258 1441
258 1643
258 1931
265 2187
265 2574
265 1620
271 2564
20 271
200 271
271 885
271 1511
271 1964
271 2031
283 790
283 1501
283 1718
298 658
322 806
322 1473
329 2565
118 329
329 775
329 845
336 1109
342 757
342 1327
342 2089
342 2202
342 2220
342 2305
342 2482
342 2570
194 342
274 342
342 423
342 513
342 597
342 768
342 1379
342 1436
342 1443
342 1581
342 1922
342 2023
342 2036
342 2141
357 656
315 364
374 2267
294 374
381 451
381 676
392 1444
416 2237
416 2297
436 2056
454 2474
462 2465
47 462
462 538
462 785
462 2076
470 995
470 1659
476 2440
492 2416
492 1210
492 1702
501 547
501 1476
518 2018
528 2351
256 528
528 1831
536 1064
544 1057
559 1379
564 2220
564 1764
215 580
356 588
595 1228
426 609
616 720
616 2226
616 2560
7 616
54 616
65 616
308 616
616 847
616 999
616 1162
616 1268
616 1270
630 2439
643 816
650 961
662 1573
212 662
560 662
662 881
523 670
670 986
670 1954
80 678
678 1799
242 686
686 948
560 710
720 1119
720 1445
720 2211
720 2338
720 2362
720 2409
720 2539
54 720
163 720
411 720
466 720
499 720
720 743
720 842
720 1029
720 1320
720 1354
720 1390
720 1487
720 1503
720 1620
720 1712
720 1900
728 2298
728 2449
18 728
90 728
561 728
728 1125
728 1322
728 1817
728 1859
730 750
162 757
734 757
757 833
757 912
757 1072
757 1099
757 1253
757 1274
757 1443
757 1657
757 1671
757 1705
757 1847
757 1967
757 2121
757 2141
781 2211
781 2269
781 949
781 1683
781 1859
792 2504
792 2506
792 2561
421 792
792 1457
792 1867
809 1296
809 1774
356 818
818 974
74 825
825 1022
834 2490
725 834
853 1816
859 2232
859 2508
859 1487
113 866
400 866
851 866
866 1436
866 2090
532 874
874 1366
522 880
248 892
900 1910
598 907
813 907
888 907
907 1517
913 1502
913 2264
913 2266
913 1079
913 1318
919 1255
175 927
927 1789
942 1753
107 955
955 1548
839 973
973 1588
488 995
995 1996
1011 1031
1011 1194
1018 2095
230 1018
1018 1696
356 1027
1032 1184
1032 2127
208 1041
869 1041
1041 2177
1048 2226
1055 1844
432 1081
1081 1524
181 1089
1089 1550
1089 1955
1096 1383
406 1103
664 1108
253 1119
411 1119
1132 2523
1132 1895
1138 1617
1138 2114
128 1150
1157 1717
1157 2088
706 1166
1166 1477
1192 2451
1192 2576
478 1192
568 1192
983 1192
1192 1683
1192 1852
589 1209
1209 1434
785 1217
1230 2330
1053 1230
1236 2339
230 1236
432 1236
1022 1236
1107 1236
1240 2215
1240 1585
1240 1714
1252 2456
1252 2543
303 1252
654 1252
1252 1868
1252 1967
113 1258
1187 1258
1258 1752
553 1263
661 1272
1272 1973
667 1287
968 1287
1287 1453
505 1294
600 1294
1177 1294
287 1306
318 1306
343 1319
1327 2375
11 1327
399 1327
1145 1327
1327 1683
1327 1922
1327 1924
1327 1965
1335 2438
236 1356
592 1356
776 1356
714 1378
732 1398
1227 1398
893 1408
1408 1753
185 1418
1308 1418
1418 1898
379 1426
1227 1426
1426 2016
1435 2255
1435 1679
411 1445
842 1445
1390 1445
1445 1546
1445 1712
104 1451
1451 1677
56 1464
950 1480
1158 1488
1502 1538
37 1518
42 1518
806 1518
976 1518
1525 1870
1534 2240
80 1534
1051 1534
1135 1534
1387 1534
375 1542
1552 2215
179 1557
212 1573
881 1573
532 1583
1587 1604
1587 2148
3 1593
739 1593
1482 1593
1612 2303
152 1612
318 1612
987 1612
1619 2369
230 1619
1625 2472
73 1625
177 1625
471 1625
1625 2085
1441 1632
1632 1832
1640 2488
31 1640
223 1640
1163 1640
1201 1640
1307 1640
1474 1640
1545 1640
1640 2114
145 1649
390 1649
1660 1912
1667 2220
391 1667
1454 1667
593 1690
1005 1690
1205 1690
1495 1690
1690 1753
1690 1777
1690 1934
651 1706
1340 1706
1706 2048
1182 1719
1727 2461
221 1727
552 1727
382 1742
1742 2051
424 1754
8 1785
1795 2401
944 1801
1830 2411
1503 1830
497 1838
1146 1838
1845 2552
1683 1845
1857 2444
1116 1857
65 1864
499 1864
1004 1872
1393 1872
1403 1872
1886 2554
738 1886
1906 2579
1923 2460
1923 2469
83 1923
930 1923
1440 1923
1487 1923
1878 1923
1867 1938
1957 2324
709 1957
1957 2118
65 1966
1966 2052
1971 2439
543 1971
1890 1971
1051 1978
571 1991
1059 1991
1090 1991
1868 1991
1991 2077
647 2017
474 2032
1280 2032
1379 2032
1496 2032
1784 2032
2026 2032
2042 2412
1630 2042
572 2055
1014 2065
2072 2366
2072 2430
334 2072
783 2072
1028 2072
2082 2462
456 2082
654 2082
1428 2082
2089 2298
2089 2396
2089 2411
2089 2426
333 2089
527 2089
1194 2089
1212 2089
1379 2089
1413 2089
1685 2089
1960 2089
2036 2089
2089 2126
2089 2140
2095 2359
1606 2102
2107 2262
2107 2470
2107 2573
509 2107
648 2107
785 2107
1900 2107
2025 2107
25 2113
515 2124
597 2124
801 2138
1750 2138
2147 2333
2160 2220
2166 2372
1382 2166
2175 2226
2150 2175
1432 2178
2179 2389
2180 2277
458 2181
1949 2181
908 2182
1125 2183
1564 2183
1753 2184
26 2186
763 2186
2187 2574
1293 2187
2188 2403
461 2189
820 2189
925 2189
1888 2189
72 2190
542 2190
739 2190
1633 2190
1798 2190
21 2191
400 2192
1242 2192
2193 2518
702 2194
188 2195
933 2195
1370 2195
1379 2196
31 2197
1222 2197
61 2198
2200 2300
1483 2200
2201 2448
391 2201
1454 2201
1513 2201
499 2203
618 2203
1268 2203
2204 2471
221 2204
983 2204
1313 2204
2077 2204
244 2205
2206 2271
2156 2206
1519 2207
2208 2209
31 2208
943 2208
31 2209
943 2209
1203 2209
1222 2209
96 2210
38 2212
594 2212
1174 2212
589 2213
1082 2213
1135 2214
235 2215
1170 2215
1524 2215
1585 2215
1714 2215
1737 2215
144 2216
589 2216
1202 2216
2217 2220
136 2217
1888 2217
820 2218
2220 2328
2220 2410
2220 2581
30 2220
113 2220
131 2220
136 2220
391 2220
400 2220
602 2220
752 2220
849 2220
851 2220
886 2220
922 2220
1203 2220
1251 2220
1267 2220
1436 2220
1454 2220
1527 2220
1715 2220
1755 2220
1764 2220
1842 2220
1884 2220
1888 2220
1892 2220
1917 2220
84 2221
901 2221
290 2222
1219 2223
1565 2223
1867 2223
2112 2223
2224 2543
488 2224
654 2224
1466 2224
1751 2224
2050 2224
76 2225
2226 2238
2226 2271
2226 2280
2226 2475
308 2226
314 2226
545 2226
613 2226
933 2226
1492 2226
1773 2226
1793 2226
2228 2334
43 2229
179 2229
1062 2229
1314 2229
1626 2229
1697 2229
2131 2229
620 2230
1429 2231
2233 2276
918 2234
78 2235
634 2236
2237 2297
2238 2245
2238 2271
2238 2462
308 2238
642 2238
711 2238
2134 2238
1328 2239
490 2240
499 2240
1051 2240
1135 2240
1683 2240
421 2241
606 2241
1915 2242
2046 2244
2245 2358
2245 2462
2245 2470
711 2245
1321 2245
159 2246
1419 2246
2247 2411
617 2247
1216 2247
1288 2247
1462 2247
2126 2247
789 2248
1694 2248
2013 2249
86 2251
1127 2251
2252 2584
216 2252
1169 2252
836 2254
940 2255
2256 2368
1133 2256
1578 2256
1668 2256
1848 2256
753 2257
1767 2259
2260 2589
260 2260
2261 2431
286 2261
293 2261
323 2262
868 2262
2263 2466
848 2263
1079 2264
1318 2266
294 2267
455 2267
806 2267
1233 2267
636 2268
1337 2268
1609 2268
1818 2268
1867 2268
2086 2268
589 2270
2271 2383
2271 2411
2271 2530
2271 2534
2271 2576
25 2271
103 2271
504 2271
642 2271
653 2271
861 2271
1043 2271
1156 2271
1382 2271
1467 2271
1564 2271
1683 2271
1685 2271
1741 2271
1743 2271
1767 2271
1963 2271
1967 2271
2063 2271
2134 2271
2156 2271
473 2272
2273 2416
1470 2273
2274 2439
889 2275
2276 2455
313 2276
337 2276
377 2276
481 2276
567 2276
688 2276
733 2276
767 2276
905 2276
1136 2276
1691 2276
1753 2276
1840 2276
354 2278
2279 2461
30 2279
915 2279
1211 2279
1310 2279
1379 2279
1710 2279
1916 2279
188 2280
1739 2280
2282 2454
1661 2282
1056 2283
2045 2283
2030 2284
1836 2285
2148 2285
1023 2286
148 2287
1136 2287
1577 2289
65 2290
1783 2290
2291 2348
130 2291
1439 2292
1794 2294
555 2295
693 2295
963 2295
1332 2296
2298 2331
2298 2471
2298 2504
18 2298
421 2298
485 2298
493 2298
591 2298
796 2298
1283 2298
1313 2298
1322 2298
1413 2298
1457 2298
1581 2298
1683 2298
75 2299
125 2300
1932 2300
2001 2300
1152 2302
318 2303
987 2303
1234 2303
65 2304
2305 2570
1203 2305
1436 2305
1274 2306
187 2307
1446 2307
2104 2309
680 2310
292 2311
621 2312
828 2312
1404 2312
32 2313
779 2315
2316 2480
397 2316
652 2316
731 2316
404 2317
628 2317
1589 2317
2318 2349
1087 2318
1738 2318
890 2319
1043 2319
1225 2319
1818 2319
2320 2580
402 2320
1666 2321
421 2322
794 2323
709 2324
2118 2324
239 2325
1843 2327
1884 2327
602 2328
1842 2328
1310 2329
1883 2329
1916 2329
1053 2330
2331 2402
2331 2504
677 2331
1457 2331
1867 2331
314 2332
933 2332
1861 2333
2334 2465
2334 2534
1726 2334
2335 2529
688 2335
1334 2335
1543 2335
2336 2348
396 2337
397 2337
1487 2338
1388 2340
1012 2341
2342 2471
1683 2342
115 2343
1365 2343
742 2345
340 2346
634 2347
330 2348
875 2348
1349 2348
1683 2348
2077 2348
897 2349
901 2350
697 2351
1567 2351
1831 2351
31 2352
1076 2352
930 2353
2354 2475
833 2354
865 2354
346 2357
1084 2357
872 2360
2010 2360
176 2361
1891 2361
606 2364
254 2365
234 2366
589 2366
1342 2366
1563 2366
483 2367
566 2368
1578 2368
1668 2368
174 2369
2370 2517
1655 2370
1461 2371
1253 2373
117 2375
295 2375
956 2375
1186 2375
1683 2375
1753 2375
1853 2375
2173 2375
349 2376
384 2376
2377 2567
817 2378
7 2379
2045 2379
87 2380
409 2380
585 2381
1167 2383
1382 2383
1564 2383
1999 2383
2091 2383
682 2384
1759 2385
1210 2386
188 2387
76 2388
499 2388
2053 2388
463 2389
1618 2389
2014 2389
2096 2389
1001 2390
1483 2392
1634 2393
403 2394
439 2395
2019 2397
2398 2505
1606 2398
1701 2398
2021 2400
16 2401
691 2401
864 2401
1092 2401
1867 2402
1986 2402
508 2403
1147 2403
2404 2439
2404 2512
1113 2405
89 2406
2167 2407
1007 2408
1320 2409
1380 2409
1620 2409
1818 2409
1881 2409
103 2411
261 2411
421 2411
617 2411
807 2411
1194 2411
1212 2411
1216 2411
1288 2411
1462 2411
2126 2411
2140 2411
1571 2412
1630 2412
17 2414
941 2414
1045 2415
621 2416
2417 2437
989 2418
2176 2419
1519 2420
965 2422
1609 2422
347 2423
1437 2424
1898 2425
527 2426
856 2426
1884 2427
2428 2500
700 2428
1304 2428
1118 2430
1683 2430
2153 2430
20 2432
1803 2432
2433 2590
597 2433
587 2434
941 2434
1580 2434
2435 2449
730 2435
2143 2435
2439 2494
397 2439
660 2439
910 2439
1020 2439
1359 2439
2116 2439
1590 2441
2442 2456
50 2442
555 2442
679 2442
766 2442
963 2442
1682 2442
1765 2442
1941 2442
1116 2444
761 2445
1239 2445
1889 2446
648 2447
1324 2448
1454 2448
1513 2448
561 2449
852 2449
1125 2449
1213 2449
1339 2449
1817 2449
1859 2449
350 2450
478 2451
1546 2451
2452 2548
688 2452
1614 2452
2453 2495
688 2453
1290 2453
1422 2453
2128 2453
1661 2454
377 2455
2456 2462
2456 2470
2456 2576
76 2456
323 2456
426 2456
499 2456
679 2456
949 2456
1253 2456
1455 2456
1941 2456
1967 2456
68 2457
170 2458
480 2458
1989 2458
552 2461
597 2461
1379 2461
2462 2470
44 2462
47 2462
323 2462
363 2462
456 2462
499 2462
535 2462
537 2462
557 2462
654 2462
785 2462
1455 2462
1726 2462
1818 2462
855 2463
867 2464
1039 2464
1221 2464
25 2465
1482 2465
1493 2465
2076 2465
848 2466
1987 2467
285 2469
323 2470
426 2470
450 2470
648 2470
679 2470
713 2470
785 2470
883 2470
1253 2470
1455 2470
2025 2470
983 2471
1313 2471
1457 2471
1641 2471
1683 2471
584 2473
172 2475
351 2475
833 2475
1689 2475
1776 2475
2476 2504
33 2476
291 2476
337 2476
488 2476
517 2476
707 2476
1140 2476
1178 2476
1844 2476
1904 2476
1911 2476
1437 2477
1972 2477
2479 2511
73 2479
527 2479
612 2479
2068 2479
2091 2479
2481 2491
194 2482
1379 2482
1120 2484
1379 2484
1115 2485
199 2486
1465 2487
1307 2488
1545 2488
1349 2489
1683 2489
1246 2490
1735 2490
22 2491
1188 2492
153 2493
615 2493
628 2493
731 2493
688 2495
1290 2495
1422 2495
654 2496
3 2497
456 2497
499 2497
1362 2497
1820 2497
1458 2498
1781 2498
700 2500
1304 2500
1718 2501
527 2502
1042 2503
1266 2503
410 2504
488 2504
677 2504
796 2504
1322 2504
1457 2504
1540 2504
1911 2504
1606 2505
2506 2561
1030 2506
1658 2508
1443 2509
1510 2510
1890 2510
2171 2510
73 2511
2068 2511
749 2513
1916 2513
912 2515
1642 2515
1140 2516
1655 2517
474 2519
965 2520
1205 2520
683 2522
268 2523
520 2523
13 2524
541 2524
1989 2525
81 2526
269 2526
1182 2526
601 2527
688 2529
1334 2529
1543 2529
833 2530
929 2530
1021 2530
1274 2530
1808 2530
1901 2531
1057 2532
1858 2533
581 2534
1564 2534
1726 2534
1741 2534
1292 2535
1342 2536
2034 2537
1276 2538
1703 2538
1325 2539
1487 2539
748 2541
2134 2542
42 2543
303 2543
654 2543
1179 2543
1322 2543
1379 2543
1648 2543
766 2544
401 2545
1006 2546
1036 2549
1954 2550
1149 2551
1683 2552
1852 2552
1693 2553
738 2554
898 2554
1600 2556
1756 2557
2157 2557
1613 2558
1145 2560
2083 2562
1251 2563
211 2564
982 2564
1725 2564
1788 2564
775 2565
539 2566
1628 2566
24 2567
30 2567
540 2567
558 2567
915 2567
918 2567
1310 2567
1379 2567
1813 2567
1916 2567
1943 2567
2026 2567
26 2569
221 2570
248 2570
384 2570
479 2570
597 2570
796 2570
886 2570
1203 2570
1211 2570
1274 2570
1283 2570
1379 2570
1413 2570
1657 2570
1685 2570
1876 2570
1916 2570
1922 2570
1929 2570
2118 2571
1106 2573
1380 2573
1818 2573
1903 2573
1153 2574
241 2575
76 2576
1564 2576
1743 2576
688 2578
966 2579
1598 2579
1877 2579
276 2580
391 2581
851 2581
1036 2581
1454 2581
91 2582
76 2583
546 2583
1596 2583
216 2584
1169 2584
499 2586
1684 2587
2130 2587
82 2588
1654 2588
1684 2588
260 2589
998 2589
485 2590
597 2590
778 2590
1053 2590
1098 2590
1188 2590
1607 2590
2134 2590
828 2591
3 12
3 54
3 277
3 456
3 499
3 555
3 739
3 963
3 1050
3 1362
3 1941
4 802
5 726
6 2101
7 190
7 632
7 1098
7 1347
7 1553
7 1617
7 1867
8 1383
9 1705
10 2143
12 555
12 963
12 1050
12 1941
13 541
14 82
14 445
14 581
14 652
14 1093
15 319
15 1344
16 864
17 941
18 485
18 1322
18 1581
20 885
22 26
23 962
23 1030
24 30
24 1379
24 1813
25 1248
26 247
26 327
26 763
26 2003
27 189
28 275
28 320
29 1020
30 916
30 1379
30 1710
30 1943
31 223
31 355
31 603
31 641
31 943
31 1076
31 1222
31 1394
31 2114
33 337
33 354
33 1844
34 831
35 249
35 850
36 1303
39 2094
40 1574
41 2068
41 2084
42 976
42 1053
42 1203
42 1277
42 1322
42 1967
43 179
43 1062
43 1172
43 1626
45 507
45 1368
47 785
48 113
48 661
48 1729
49 816
50 600
51 214
53 308
54 308
54 437
54 642
54 786
54 1128
54 1188
54 1353
54 1503
54 1676
54 1818
54 1899
54 2150
55 1046
55 1616
57 2073
58 1145
59 279
59 787
60 156
62 1650
63 1893
63 2093
64 795
65 499
65 796
65 891
65 929
65 1043
65 1353
65 1609
65 1699
65 1783
65 1818
65 2052
65 2163
69 967
69 1724
70 709
70 796
71 1009
71 1421
72 570
72 908
72 1181
73 1049
74 1022
76 1069
76 1704
76 2053
76 2054
77 375
78 1846
79 263
80 328
80 827
80 1387
80 1799
80 1807
81 269
81 1182
82 581
82 597
82 923
82 1441
82 1654
83 387
83 540
83 597
83 635
83 930
83 1091
84 901
84 1510
85 351
86 1127
88 477
88 912
89 262
90 1125
92 626
92 688
92 1224
92 1257
93 597
93 1961
94 226
94 510
94 1110
94 1713
95 1259
95 1893
96 472
97 993
97 1323
98 1800
99 296
99 652
100 761
101 1102
101 1599
102 153
103 1441
104 138
104 338
104 350
104 482
104 1088
104 1677
106 465
106 634
106 739
106 1100
106 1549
106 1609
106 2002
107 1548
108 356
109 360
109 400
110 1203
112 220
112 1250
112 1383
113 391
113 400
113 532
113 661
113 814
113 851
113 920
113 922
113 1187
113 1436
113 1454
113 1729
113 1752
113 1892
113 2090
114 654
116 264
117 2173
119 625
119 1414
120 194
121 400
121 1251
122 760
123 640
124 915
124 1685
124 1967
125 2001
126 1521
128 708
128 873
128 1289
128 1769
128 1877
129 148
132 1683
133 1052
135 433
135 1080
135 1855
136 1784
137 1291
138 350
139 1215
141 982
141 1709
142 903
143 2011
145 390
146 746
147 590
148 337
148 881
148 1792
149 1315
149 2097
150 198
152 318
152 1829
153 386
153 1227
153 1284
154 205
155 1220
156 389
156 1431
157 285
158 1291
158 1467
158 2129
159 1419
160 1379
160 1755
161 2091
162 438
162 1072
162 1099
162 1324
162 2111
164 829
166 464
166 1374
167 1161
168 830
169 1905
170 480
170 891
170 1315
170 1733
170 1818
170 1989
171 1500
171 2158
172 181
172 351
172 1689
173 1412
174 680
174 1282
175 1789
176 1891
178 499
179 502
179 846
179 1062
179 1460
179 1626
179 1946
180 1592
181 400
181 403
181 622
181 1067
181 1474
181 1675
182 1487
182 1760
183 2048
184 1004
185 1308
185 1898
186 375
186 876
187 1446
187 1802
187 1940
188 957
188 1321
188 1370
188 1847
189 204
190 838
191 328
192 439
195 1791
195 1954
196 790
197 1747
197 1806
198 1920
201 1787
201 1967
201 1986
202 245
202 1947
206 425
207 1409
207 1516
208 869
208 2177
209 1555
212 881
212 1155
212 1316
213 1958
216 1169
216 2044
218 1702
219 243
220 1250
220 1383
221 552
221 597
221 890
222 915
222 1310
222 1916
223 603
223 1010
223 2114
224 2164
225 604
226 510
226 1110
226 1713
227 1164
228 1065
229 1501
230 675
230 858
230 1062
230 1314
230 1668
230 1803
231 1232
231 1942
232 613
233 279
233 1699
234 432
234 589
234 1149
235 1524
236 592
236 776
236 1860
237 1995
238 2004
239 1512
239 1863
240 787
240 1226
240 2074
240 2157
242 1246
245 997
245 1947
246 1865
248 376
248 434
248 981
248 1000
248 1211
248 1392
248 1741
248 1916
249 850
250 1860
252 1127
253 411
255 741
257 1504
259 556
259 1967
261 421
261 807
263 1234
266 1086
267 826
268 428
268 1203
268 1916
268 1967
268 2157
269 1077
269 1083
269 1182
269 1950
270 648
272 432
272 764
272 2144
273 1024
275 320
277 708
277 1505
277 1880
278 691
279 725
279 1410
279 1699
280 1235
281 692
284 1682
285 597
285 623
285 934
285 1037
285 1199
285 1259
285 2132
288 1610
289 688
291 2066
295 1753
296 652
297 1529
297 1852
299 2135
300 2109
301 519
302 861
302 971
303 654
304 590
305 800
306 951
307 1944
308 642
308 703
308 786
308 1275
308 1353
308 1492
308 1676
308 1818
308 2134
309 1569
310 758
310 1477
311 2163
312 758
313 767
313 905
313 1691
314 933
316 1740
317 1568
318 1249
319 956
319 1344
321 2125
323 1253
324 471
325 488
325 565
325 1178
326 1214
327 2003
330 2077
331 1921
332 1959
333 1194
334 783
334 1028
335 668
335 1023
335 1165
335 1186
337 872
337 1652
337 1844
337 1895
337 1942
337 2119
339 1511
340 1448
340 1949
341 2023
343 1338
344 1566
345 1498
348 547
348 1537
349 384
349 774
350 403
350 1610
350 1635
350 1956
350 2164
351 1185
351 1689
352 985
352 1585
352 1895
352 1913
353 835
353 1121
353 2041
354 600
355 2114
356 974
356 1992
358 555
358 2155
359 812
360 400
361 577
361 1345
362 898
363 2070
365 452
365 1198
365 1411
365 1825
366 1626
367 1321
368 1015
369 655
369 1564
369 1741
370 1127
371 1814
372 904
372 1131
373 1033
373 2033
375 562
375 581
375 760
375 1082
375 1678
376 1000
378 790
380 691
380 1009
380 1693
382 2051
383 1450
384 387
384 1413
384 1685
384 1779
385 930
387 774
387 870
387 983
387 1098
387 1441
387 1467
387 1943
388 1213
391 400
391 851
391 1454
391 1513
391 1544
393 1839
394 897
395 547
397 731
397 940
398 1275
400 444
400 607
400 622
400 624
400 752
400 851
400 1036
400 1045
400 1067
400 1126
400 1203
400 1206
400 1242
400 1251
400 1256
400 1436
400 1454
400 1647
400 1819
400 1862
400 1892
400 2026
400 2090
403 777
403 1190
403 1219
404 628
404 1589
405 1745
407 1900
407 2064
408 1669
408 1963
411 842
411 1390
411 1712
411 1775
412 1383
412 1447
412 1967
413 1116
414 1045
415 764
415 1101
417 2005
417 2109
418 1219
418 1229
419 2155
420 817
421 485
421 606
421 674
421 807
421 932
421 1350
421 1441
421 1457
421 1683
421 2000
422 2012
423 1581
425 1336
426 679
426 854
426 1167
427 1381
429 1134
430 1218
430 1323
430 1489
431 1223
431 1683
432 631
432 764
432 889
432 912
432 1265
432 1524
432 1766
432 1979
432 2144
433 1046
433 1211
433 1397
433 1657
434 981
437 1128
438 2111
439 1814
440 551
442 960
442 1656
443 2020
445 652
446 1866
447 1770
448 863
449 1322
450 883
450 1455
451 676
451 857
452 1198
452 1411
452 1825
453 1468
455 1233
456 499
456 654
456 739
456 1362
456 1428
456 1482
456 1798
456 2064
457 2019
459 469
460 471
460 1585
460 2152
461 1888
464 1374
465 634
466 499
466 1354
466 1820
467 1097
468 1373
474 494
474 2014
475 1262
477 912
479 1283
479 1929
480 1989
481 1136
481 1840
482 644
483 921
485 778
485 1098
485 1441
486 1457
486 1685
486 1967
487 1286
488 499
488 565
488 896
488 1178
488 1343
488 1392
488 1911
489 881
490 499
490 1683
490 1818
491 977
493 1313
493 1457
495 633
496 1299
497 1146
498 1670
499 535
499 537
499 746
499 949
499 965
499 1040
499 1123
499 1203
499 1268
499 1308
499 1354
499 1362
499 1427
499 1455
499 1683
499 1900
499 2053
500 730
500 2143
502 811
502 1275
502 1381
502 1835
502 1897
503 647
505 977
505 1682
506 1301
508 1147
509 1034
509 2025
509 2120
510 1110
510 1713
511 1298
512 592
514 1410
515 1449
515 1540
515 1771
515 1967
516 1002
520 1851
521 1561
524 1633
524 2061
525 1141
526 2054
527 612
527 1413
529 2122
531 755
532 1215
532 1366
532 1752
533 899
533 1019
533 1405
534 574
534 636
534 1008
535 654
535 821
537 557
537 654
537 1818
538 785
539 1628
540 597
540 983
540 1379
540 1813
542 940
542 1633
545 1043
545 1254
545 1793
546 976
546 1699
546 2019
547 654
547 965
547 994
547 1476
547 1497
547 1537
547 1602
547 2019
547 2170
548 1929
549 930
549 1070
550 1107
552 597
552 1106
554 1178
554 1343
554 1392
554 1600
554 2094
555 772
555 963
555 1050
555 1941
556 1967
558 915
558 1310
558 1379
558 1916
561 596
562 1678
563 931
565 1178
566 857
566 2128
568 1683
569 699
569 1849
570 1181
571 597
571 1022
571 1059
571 2077
573 731
573 966
574 636
574 839
574 964
574 1008
575 1441
575 1509
577 1345
578 1547
579 1662
581 597
581 638
581 652
581 923
581 1093
581 1124
581 1551
581 1582
581 2016
581 2056
582 1193
583 756
585 912
586 1782
587 1580
589 926
589 940
589 1358
589 1434
589 1641
589 1753
593 1495
593 1777
594 1174
597 908
597 1059
597 1310
597 1379
597 1654
597 1822
597 1916
598 688
598 888
598 1261
598 1571
599 769
600 1140
600 1780
602 1566
602 1842
605 733
606 674
606 1066
608 2168
610 1030
611 1951
612 979
612 1724
612 2027
614 1653
617 1216
617 1288
617 2126
618 1270
622 1067
623 934
624 883
624 1455
625 1414
626 1257
627 1128
628 1449
629 972
629 1302
631 1979
631 2144
633 1019
634 1180
634 1688
634 2038
635 1091
636 1008
636 1379
636 1609
636 1818
636 1867
637 1159
638 1551
639 1415
641 943
642 1153
642 1353
642 1818
642 1969
645 1875
646 1895
646 1913
649 1371
649 1566
649 1983
651 1340
652 1093
652 2079
653 1457
653 1685
653 1967
654 713
654 806
654 821
654 1455
654 1508
654 1818
654 1924
655 1128
655 1540
655 1564
655 1741
656 1014
657 896
659 759
659 813
660 1359
660 1500
660 1523
661 1729
663 1773
665 681
666 990
667 968
669 1183
669 2164
671 1528
672 1269
673 2068
677 1540
679 1682
679 1941
680 992
680 1379
682 1176
684 1522
685 1732
687 966
688 766
688 1224
688 1290
688 1334
688 1422
688 1519
688 1543
688 1571
688 1614
688 1942
688 2091
689 1386
690 758
691 1299
691 1693
692 1510
693 1711
695 793
696 1584
696 2152
697 1519
697 1567
698 2103
700 1304
701 1867
701 1967
703 1492
703 1890
704 1683
704 1741
708 936
709 2118
712 1601
713 1508
713 1828
715 1725
716 1629
717 1683
721 1547
722 1197
723 889
723 1135
724 2151
725 924
725 2019
727 1637
729 1577
730 2108
731 966
734 1274
734 1847
735 1765
735 1824
736 1104
737 1100
738 1645
739 1100
739 1482
739 1798
743 1320
744 1761
745 1668
746 965
747 1297
749 1916
751 1354
752 1256
756 965
756 1253
759 813
761 1239
762 1479
763 1369
764 1101
764 2144
765 1564
767 905
767 1691
768 1379
770 1352
771 1379
772 963
773 1484
774 870
774 1441
778 1098
779 2091
780 1396
782 1510
783 1028
785 1633
785 1743
785 2025
787 1466
788 2115
789 1168
789 1694
790 1734
796 929
796 1457
797 1675
798 823
799 1672
801 1750
803 2012
804 895
804 1154
805 916
806 959
806 1244
806 1532
806 1818
808 1406
810 1014
811 1275
811 1367
811 1835
811 1897
812 1185
812 1975
813 1517
815 1907
817 2161
819 1115
820 925
820 1888
822 2060
824 906
828 1404
831 1020
831 1075
831 2128
832 952
833 929
833 1021
833 1274
833 1657
833 1671
833 1808
833 1847
833 1917
836 1085
837 1546
839 964
840 1796
842 1390
842 1712
842 1882
843 1402
843 1657
844 2146
849 1436
849 1842
851 922
851 1436
851 1454
851 2090
852 1125
857 2128
858 1062
858 1314
858 1562
860 1401
861 971
862 1919
867 1039
867 1221
869 1424
869 2177
870 1441
871 1523
872 1017
872 1323
872 1942
872 2119
876 974
876 2099
877 1880
878 1299
878 1687
879 1245
881 1571
881 1904
882 916
883 1455
883 1900
884 2110
886 1203
887 2015
888 1261
889 912
889 1766
889 2039
890 1225
890 1990
891 929
891 1699
891 1818
893 1753
894 1179
896 996
896 1441
899 1405
901 1490
902 1167
903 967
903 1753
905 1691
908 1028
908 1247
908 1514
909 938
911 991
911 1531
912 940
912 1566
912 1752
912 1766
914 2059
915 1036
915 1211
915 1310
915 1379
915 1454
915 1685
915 1916
916 918
916 968
916 1379
916 1881
916 1915
916 2139
917 1116
918 1379
918 1813
921 1355
921 1962
922 1436
922 1755
923 1654
925 1888
928 1067
930 1070
930 1379
930 1440
930 1447
930 1610
932 983
932 1683
933 976
933 1273
937 1298
937 1333
939 1909
941 1536
945 2116
946 1360
946 2133
947 1539
948 1790
949 1471
949 1499
949 1683
949 1859
950 1047
953 1731
954 1724
956 1169
956 1753
956 1802
958 1060
960 1656
961 1246
962 1030
963 1050
963 1941
965 1123
965 1205
965 1609
967 1724
968 1453
969 1722
972 1302
974 2099
975 1877
976 1732
977 1766
977 1800
978 1688
979 1114
980 1390
980 2149
982 1585
983 1098
983 1313
983 1683
983 1749
983 1852
984 989
985 1895
986 1954
988 2094
990 1284
993 1323
994 1178
994 1541
994 2019
994 2170
998 1453
999 1162
999 1270
1005 1364
1005 1753
1008 1379
1009 1330
1009 1421
1009 2037
1013 1046
1014 1948
1016 1564
1021 1274
1022 1059
1022 1663
1023 1420
1025 1700
1026 1668
1031 1194
1033 2033
1034 2120
1035 1118
1035 1999
1036 1045
1036 1242
1036 1454
1038 1379
1038 1624
1039 1221
1040 1044
1040 1123
1043 2057
1043 2117
1046 1868
1050 1941
1051 1135
1051 1807
1053 1945
1053 2134
1058 1151
1059 1090
1061 1692
1062 1115
1062 1314
1062 1626
1062 1936
1063 1558
1068 1143
1068 1928
1071 1621
1071 1833
1072 1099
1073 1385
1074 1237
1075 2128
1078 1142
1078 1674
1080 1855
1090 1098
1093 1814
1094 1148
1095 1753
1098 1441
1099 1324
1099 1454
1099 1705
1099 2111
1100 1200
1100 1699
1101 1749
1105 1804
1105 2051
1110 1713
1111 1918
1112 1530
1112 1578
1113 1757
1113 1926
1115 1204
1115 1247
1115 1295
1115 1682
1115 1841
1115 1936
1117 1753
1118 1999
1122 1591
1123 2164
1124 1582
1126 1203
1126 1647
1128 1467
1128 1564
1128 1816
1129 1139
1129 2025
1130 1284
1139 2025
1140 1178
1142 1674
1143 1928
1144 2128
1144 2144
1147 1202
1147 1850
1149 1594
1151 1730
1156 1683
1156 1741
1160 1623
1161 1753
1162 1270
1163 1201
1163 1307
1163 1474
1167 1382
1168 1694
1169 1753
1171 1227
1173 1980
1175 1910
1178 1491
1178 2170
1180 2038
1181 1361
1182 2028
1183 2164
1185 1975
1187 1752
1188 2134
1189 1201
1189 1280
1189 1571
1189 1942
1190 1967
1191 1942
1191 1977
1191 2067
1194 1212
1195 1854
1196 1260
1198 1411
1198 1825
1199 2132
1200 1699
1201 1474
1203 1211
1203 1274
1203 1322
1203 1379
1203 1526
1203 1647
1203 1685
1203 1876
1203 1916
1203 1929
1203 1967
1204 1936
1204 1994
1211 1310
1211 1741
1211 1916
1212 1496
1212 1551
1212 2126
1213 1683
1216 2126
1218 1323
1218 1489
1221 2030
1223 1683
1226 1511
1227 2016
1232 1942
1234 1379
1238 1879
1241 1308
1243 1774
1243 1834
1244 2092
1248 1377
1249 2075
1250 1383
1251 1256
1251 1436
1251 1892
1253 1274
1253 1657
1259 1676
1259 1707
1259 1893
1259 2093
1264 1538
1265 1524
1265 1684
1267 1884
1270 1275
1274 1657
1274 1671
1274 1685
1274 1847
1274 2150
1275 1835
1278 1322
1279 1683
1281 1753
1283 1457
1283 1929
1285 1772
1285 2081
1286 1506
1288 1462
1288 2126
1290 1422
1291 2129
1295 1682
1298 1333
1298 1561
1298 1729
1299 1420
1299 1687
1300 1753
1305 1698
1307 1545
1308 1898
1309 1372
1310 1379
1310 1883
1310 1916
1311 1942
1312 1379
1313 1457
1314 1578
1314 2131
1316 2167
1317 2174
1320 1620
1321 1370
1321 1438
1322 1817
1323 1489
1324 1454
1324 1513
1324 1544
1324 1819
1324 1823
1324 2111
1326 1884
1329 1683
1331 1887
1332 1527
1334 1543
1339 2118
1342 1683
1342 1981
1343 1392
1343 1600
1343 1911
1343 2094
1346 1453
1348 1970
1349 1683
1350 2000
1351 1701
1353 1818
1353 1899
1353 2163
1355 1962
1357 2019
1359 1500
1359 1606
1359 1982
1359 2116
1360 2133
1362 2064
1363 1885
1368 1736
1368 1826
1370 2106
1371 1566
1371 1983
1372 1533
1375 1743
1376 2088
1379 1413
1379 1526
1379 1556
1379 1686
1379 1710
1379 1813
1379 1876
1379 1881
1379 1916
1379 1922
1379 1943
1379 1960
1379 2026
1380 1818
1381 1835
1382 1564
1382 2091
1383 1407
1383 1873
1384 1665
1389 1437
1390 1712
1390 1882
1391 1716
1392 1423
1392 1600
1392 1911
1392 2094
1394 2114
1395 2030
1399 1967
1400 1880
1402 1916
1404 1629
1404 2060
1409 1516
1410 1871
1411 1825
1413 1685
1413 1916
1413 1960
1423 1911
1424 2177
1425 1485
1428 1695
1430 1768
1430 1973
1436 1755
1436 1892
1436 2090
1437 1972
1441 1467
1441 1509
1441 1741
1441 1812
1441 1832
1441 2062
1442 2043
1443 1867
1443 1953
1443 1967
1446 1802
1446 1940
1448 1949
1449 2051
1452 1560
1453 1942
1454 1513
1455 1726
1455 1900
1456 1748
1457 1683
1457 1967
1458 1781
1459 2073
1462 2126
1463 1815
1467 1963
1467 2074
1469 1708
1469 2007
1471 2019
1472 1753
1475 1496
1475 1683
1478 1483
1481 2069
1482 1761
1486 1705
1495 1777
1495 1934
1496 1551
1496 1683
1497 2019
1498 2094
1501 1535
1503 1744
1503 1818
1507 1942
1510 1702
1510 1890
1510 2171
1511 1705
1512 1863
1515 1646
1519 1895
1520 1933
1521 2145
1523 2116
1527 1715
1527 1916
1541 2170
1544 2139
1549 1609
1549 2002
1554 2016
1558 1579
1559 1684
1564 1741
1564 1743
1565 1622
1565 1827
1565 1867
1565 2112
1566 1983
1570 2028
1571 1802
1571 1935
1571 1942
1572 1606
1572 1982
1575 1662
1576 2047
1578 1848
1584 2152
1585 1714
1585 1753
1585 1895
1585 1913
1585 2152
1591 1705
1592 1916
1594 2022
1595 2123
1597 1818
1600 2094
1603 2088
1603 2146
1604 1683
1604 2148
1605 1942
1606 1701
1606 1982
1606 2008
1608 1648
1609 1818
1609 1867
1609 2002
1610 1956
1611 2165
1616 1961
1617 2114
1618 2014
1621 1833
1627 1939
1629 2060
1633 2025
1633 2061
1635 2081
1636 1867
1638 1967
1639 1974
1641 1728
1641 1753
1650 2029
1651 1792
1664 2169
1671 1847
1673 2117
1680 2164
1681 2024
1683 1721
1683 1741
1683 1852
1683 1894
1683 1981
1683 2054
1684 1758
1684 2130
1685 1929
1685 1967
1699 1818
1699 2092
1701 2035
1702 1718
1702 1907
1702 2084
1705 1842
1708 2007
1709 1968
1711 1989
1718 1805
1720 2142
1723 2019
1724 1779
1741 1916
1741 2062
1744 1818
1746 2081
1747 1806
1753 1802
1753 1809
1753 1811
1753 1940
1753 2006
1753 2040
1753 2079
1756 2157
1757 1926
1762 2122
1766 1946
1768 1973
1774 1792
1777 1934
1778 2168
1779 1812
1786 1937
1787 1967
1787 1986
1791 1954
1797 2019
1802 1940
1804 2051
1811 2006
1816 2009
1817 1859
1818 1867
1818 1881
1818 1899
1819 1823
1835 1897
1837 2105
1840 2012
1847 1859
1859 2078
1867 1986
1867 2112
1869 2159
1874 1967
1878 2100
1883 1916
1884 1917
1884 2154
1889 2141
1890 2104
1893 2093
1895 1913
1895 2172
1905 2087
1908 2049
1908 2081
1916 2093
1916 2121
1925 2106
1927 2106
1932 2001
1942 1977
1942 2067
1947 1984
1951 2162
1952 1979
1967 1986
1967 1993
1967 2121
1976 2080
1977 2067
1985 2109
1987 2125
1988 1999
1998 2098
2016 2039
2025 2120
2058 2092
2088 2146
